0.043 
0.008 
0.007 
0.007 
0.007 
0.005 
0.006 
0.005 
0.007 
0.006 
0.004 
2.414 s

0.082 
0.021 
0.036 
0.010 
0.009 
0.008 
0.008 
0.006 
0.008 
0.005 
0.006 
2.343 s

0.042 
0.008 
0.005 
0.006 
0.005 
0.004 
0.004 
0.005 
0.005 
0.004 
0.004 
2.073 s

0.085 
0.009 
0.010 
0.011 
0.013 
0.007 
0.011 
0.010 
0.012 
0.007 
0.006 
2.429 s

0.040 
0.007 
0.006 
0.007 
0.007 
0.004 
0.006 
0.005 
0.006 
0.005 
0.004 
2.115 s

0.042 
0.007 
0.006 
0.006 
0.006 
0.004 
0.004 
0.006 
0.006 
0.005 
0.004 
1.952 s

0.047 
0.007 
0.006 
0.008 
0.005 
0.005 
0.005 
0.005 
0.006 
0.004 
0.005 
1.948 s

0.051 
0.009 
0.007 
0.007 
0.006 
0.009 
0.005 
0.005 
0.006 
0.005 
0.006 
2.105 s

0.051 
0.009 
0.009 
0.008 
0.006 
0.005 
0.004 
0.006 
0.006 
0.005 
0.005 
2.149 s

0.055 
0.007 
0.006 
0.006 
0.005 
0.004 
0.004 
0.005 
0.006 
0.006 
0.004 
2.016 s

0.054 
0.008 
0.007 
0.007 
0.008 
0.004 
0.004 
0.005 
0.009 
0.005 
0.005 
2.318 s

0.040 
0.007 
0.006 
0.006 
0.005 
0.004 
0.004 
0.005 
0.005 
0.009 
0.006 
2.114 s

0.040 
0.006 
0.006 
0.007 
0.006 
0.005 
0.005 
0.005 
0.005 
0.005 
0.004 
2.042 s

0.048 
0.007 
0.006 
0.007 
0.006 
0.004 
0.004 
0.006 
0.008 
0.006 
0.063 
2.038 s

0.047 
0.008 
0.006 
0.006 
0.006 
0.004 
0.005 
0.005 
0.006 
0.005 
0.004 
2.095 s

0.040 
0.008 
0.007 
0.007 
0.006 
0.005 
0.005 
0.006 
0.006 
0.005 
0.005 
1.994 s

0.040 
0.008 
0.006 
0.006 
0.006 
0.004 
0.005 
0.006 
0.006 
0.006 
0.004 
1.972 s

0.056 
0.007 
0.007 
0.006 
0.005 
0.004 
0.004 
0.005 
0.007 
0.004 
0.006 
2.001 s

0.049 
0.010 
0.007 
0.006 
0.006 
0.004 
0.005 
0.006 
0.006 
0.005 
0.004 
2.029 s

0.041 
0.008 
0.005 
0.006 
0.007 
0.005 
0.004 
0.004 
0.006 
0.006 
0.005 
2.024 s

0.050 
0.008 
0.006 
0.007 
0.006 
0.006 
0.007 
0.005 
0.009 
0.008 
0.006 
1.995 s

0.056 
0.008 
0.007 
0.007 
0.006 
0.005 
0.006 
0.005 
0.006 
0.004 
0.005 
1.983 s

0.038 
0.008 
0.007 
0.006 
0.006 
0.004 
0.005 
0.004 
0.005 
0.005 
0.005 
1.951 s

0.049 
0.007 
0.008 
0.006 
0.006 
0.004 
0.004 
0.005 
0.005 
0.005 
0.005 
1.931 s

0.042 
0.009 
0.007 
0.007 
0.007 
0.005 
0.010 
0.006 
0.006 
0.005 
0.005 
2.052 s

0.048 
0.007 
0.006 
0.007 
0.005 
0.005 
0.005 
0.005 
0.006 
0.005 
0.005 
1.961 s

0.045 
0.007 
0.006 
0.005 
0.006 
0.005 
0.004 
0.006 
0.006 
0.005 
0.005 
2.045 s

0.041 
0.007 
0.007 
0.006 
0.006 
0.005 
0.004 
0.006 
0.006 
0.005 
0.006 
2.015 s

0.051 
0.008 
0.008 
0.007 
0.006 
0.005 
0.005 
0.006 
0.006 
0.005 
0.005 
2.084 s

0.040 
0.007 
0.007 
0.006 
0.006 
0.004 
0.005 
0.005 
0.006 
0.005 
0.004 
1.983 s

0.040 
0.007 
0.006 
0.007 
0.006 
0.004 
0.004 
0.005 
0.005 
0.005 
0.004 
1.954 s

0.042 
0.007 
0.006 
0.007 
0.006 
0.005 
0.004 
0.005 
0.007 
0.004 
0.005 
1.987 s

0.039 
0.007 
0.005 
0.006 
0.007 
0.006 
0.005 
0.006 
0.006 
0.005 
0.005 
2.14 s

0.040 
0.007 
0.006 
0.007 
0.005 
0.005 
0.005 
0.006 
0.007 
0.006 
0.005 
1.969 s

0.050 
0.009 
0.006 
0.006 
0.005 
0.005 
0.004 
0.005 
0.006 
0.006 
0.005 
2.067 s

0.042 
0.008 
0.007 
0.007 
0.006 
0.005 
0.005 
0.004 
0.006 
0.005 
0.004 
1.968 s

0.043 
0.009 
0.006 
0.006 
0.006 
0.004 
0.004 
0.005 
0.006 
0.004 
0.005 
1.985 s

0.041 
0.008 
0.006 
0.007 
0.006 
0.004 
0.004 
0.005 
0.005 
0.005 
0.006 
2.024 s

0.042 
0.007 
0.006 
0.008 
0.006 
0.004 
0.004 
0.005 
0.008 
0.005 
0.004 
1.985 s

0.042 
0.008 
0.007 
0.007 
0.006 
0.005 
0.004 
0.005 
0.005 
0.006 
0.004 
1.992 s

0.055 
0.007 
0.006 
0.007 
0.008 
0.004 
0.004 
0.005 
0.005 
0.006 
0.005 
1.971 s

0.044 
0.006 
0.006 
0.006 
0.005 
0.004 
0.004 
0.004 
0.006 
0.005 
0.004 
1.929 s

0.047 
0.007 
0.006 
0.008 
0.005 
0.006 
0.005 
0.006 
0.006 
0.004 
0.004 
1.895 s

0.051 
0.007 
0.006 
0.006 
0.006 
0.004 
0.004 
0.005 
0.005 
0.004 
0.009 
1.927 s

0.048 
0.007 
0.005 
0.005 
0.005 
0.004 
0.005 
0.006 
0.006 
0.004 
0.005 
1.854 s

0.039 
0.008 
0.007 
0.006 
0.005 
0.005 
0.005 
0.005 
0.006 
0.006 
0.005 
1.868 s

0.043 
0.016 
0.008 
0.007 
0.006 
0.005 
0.005 
0.005 
0.005 
0.005 
0.004 
1.968 s

0.039 
0.006 
0.005 
0.006 
0.005 
0.004 
0.004 
0.005 
0.005 
0.004 
0.004 
1.778 s

0.045 
0.007 
0.006 
0.006 
0.005 
0.003 
0.004 
0.006 
0.005 
0.004 
0.004 
2.091 s

0.037 
0.007 
0.005 
0.005 
0.005 
0.005 
0.005 
0.004 
0.004 
0.004 
0.004 
2.402 s

 