0.081 
0.126 
0.119 
0.002 
0.001 
0.001 
0.001 
0.001 
0.001 
0.001 
2.282 s 

0.071 
0.118 
0.119 
0.001 
0.001 
0.001 
0.001 
0.001 
0.001 
0.001 
 1.826 s 

0.076 
0.0120 
0.0120 
0.001 
0.001 
0.001 
0.001 
0.001 
0.001 
0.001 
 1.806 s 

0.077 
0.119 
0.118 
0.001 
0.001 
0.001 
0.002 
0.001 
0.001 
0.001 
0.01.799 s 

0.076 
0.119 
0.118 
0.001 
0.002 
0.001 
0.001 
0.001 
0.001 
0.001 
0.1.793 s 

0.072 
0.119 
0.118 
0.001 
0.001 
0.001 
0.001 
0.001 
0.001 
0.001 
1.841 s 

0.081 
0.118 
0.115 
0.001 
0.001 
0.001 
0.003 
0.001 
0.001 
0.001 
1.941 s 

0.078 
0.0119 
0.0117 
0.001 
0.001 
0.001 
0.001 
0.001 
0.001 
0.001 
1.798 s 

0.074 
0.117 
0.119 
0.001 
0.001 
0.001 
0.001 
0.001 
0.001 
0.002 
1.799 s 

0.0076 
0.118 
0.119 
0.002 
0.001 
0.001 
0.002 
0.001 
0.001 
0.001 
1.798 s 

0.073 
0.120 
0.118 
0.001 
0.001 
0.001 
0.001 
0.001 
0.001 
0.001 
1.87 s 

0.078 
0.118 
0.120 
0.001 
0.001 
0.001 
0.001 
0.001 
0.001 
1.852 s 

0.075 
0.119 
0.120 
0.001 
0.001 
0.001 
0.002 
0.002 
0.001 
0.001 
1.826 s 

0.083 
0.119 
0.118 
0.001 
0.001 
0.001 
0.001 
0.001 
0.001 
0.001 
1.805 s 

0.074 
0.117 
0.118 
0.001 
0.001 
0.001 
0.001 
0.001 
0.001 
0.001 
1.809 s 

0.078 
0.118 
0.117 
0.001 
0.001 
0.001 
0.001 
0.001 
0.001 
0.001 
0.1.811 s 

0.078 
0.118 
0.116 
0.002 
0.001 
0.001 
0.001 
0.001 
0.001 
0.001 
0.1.836 s 

0.073 
0.119 
0.118 
0.001 
0.001 
0.001 
0.001 
0.001 
0.001 
0.1.849 s 

0.077 
0.118 
0.117 
0.002 
0.001 
0.001 
0.001 
0.001 
0.001 
0.001 
1.813 s 

0.078 
0.120 
0.118 
0.001 
0.001 
0.001 
0.001 
0.001 
0.001 
0.001 
1.801 s 

0.074 
0.120 
0.119 
0.001 
0.001 
0.001 
0.001 
0.001 
0.001 
0.001 
1.805 s 

0.075 
0.118 
0.116 
0.001 
0.001 
0.001 
0.002 
0.002 
0.003 
0.001 
1.827 s 

0.108 
0.116 
0.118 
0.001 
0.001 
0.001 
0.002 
0.001 
0.001 
0.001 
1.862 s 

0.081 
0.120 
0.115 
0.001 
0.001 
0.001 
0.002 
0.001 
0.001 
0.001 
1.864 s 

0.075 
0.121 
0.118 
0.002 
0.001 
0.002 
0.002 
0.001 
0.001 
1.805 s 

0.075 
0.118 
0.120 
0.001 
0.001 
0.002 
0.002 
0.001 
0.001 
1.821 s 

0.077 
0.118 
0.116 
0.001 
0.001 
0.001 
0.002 
0.001 
0.002 
0.001 
1.79 s 

0.080 
0.119 
0.119 
0.001 
0.001 
0.001 
0.001 
0.001 
0.001 
0.001 
1.838 s 

0.075 
0.124 
0.115 
0.001 
0.001 
0.001 
0.001 
0.001 
0.001 
1.809 s 

0.072 
0.120 
0.117 
0.001 
0.001 
0.001 
0.001 
0.002 
1.838 s 

0.073 
0.118 
0.119 
0.001 
0.001 
0.001 
0.001 
0.001 
0.001 
0.001 
1.8 s 

0.072 
0.118 
0.118 
0.002 
0.002 
0.001 
0.001 
0.001 
0.001 
0.001 
1.803 s 

0.077 
0.119 
0.126 
0.002 
0.001 
0.001 
0.003 
0.001 
1.829 s 

0.082 
0.120 
0.119 
0.001 
0.001 
0.001 
0.002 
0.001 
0.002 
1.86 s 

0.075 
0.122 
0.118 
0.001 
0.002 
0.002 
0.005 
0.001 
0.002 
1.82 s 

0.085 
0.122 
0.118 
0.001 
0.002 
0.001 
0.002 
0.001 
0.002 
0.001 
1.849 s 

0.074 
0.120 
0.116 
0.001 
0.001 
0.001 
0.001 
0.002 
0.001 
0.003 
1.779 s 

0.074 
0.123 
0.118 
0.001 
0.001 
0.001 
0.001 
0.001 
1.802 s 

0.070 
0.118 
0.118 
0.001 
0.001 
0.001 
0.002 
0.001 
0.001 
0.001 
1.804 s 

0.076 
0.120 
0.118 
0.001 
0.001 
0.001 
0.001 
0.001 
0.001 
1.863 s 

0.075 
0.119 
0.121 
0.001 
0.002 
0.001 
0.001 
0.001 
0.001 
0.001 
1.841 s 

0.075 
0.118 
0.120 
0.001 
0.001 
0.001 
0.001 
0.001 
1.793 s 

0.077 
0.120 
0.117 
0.001 
0.001 
0.001 
0.001 
0.001 
0.001 
0.001 
1.796 s 

0.077 
0.118 
0.119 
0.001 
0.001 
0.001 
0.002 
0.001 
0.001 
0.001 
1.803 s 

0.073 
0.119 
0.117 
0.001 
0.001 
0.002 
0.001 
0.001 
0.001 
0.001 
1.88 s 

0.075 
0.118 
0.119 
0.001 
0.001 
0.001 
0.001 
0.001 
0.001 
0.001 
1.852 s 

0.069 
0.119 
0.121 
0.001 
0.001 
0.001 
0.001 
0.001 
0.001 
0.001 
1.781 s 

0.081 
0.116 
0.115 
0.001 
0.001 
0.001 
0.001 
0.002 
0.001 
0.001 
1.813 s 

0.074 
0.118 
0.116 
0.001 
0.001 
0.001 
0.001 
0.001 
0.001 
0.001 
1.782 s 

0.124 
0.125 
0.133 
0.002 
0.007 
0.003 
0.007 
0.002 
0.005 
0.001 
2.513 s 