0.005
0.004
0.002
0.001
0.001
0.002
0.002
0.001
0.002
0.002
0.002
0.002
0.002
0.001
0.001
0.002
0.001
0.001
0.001
0.002
0.001
0.002
0.002
0.001
0.002
0.002
0.001
2.38 s

0.006
0.002
0.002
0.002
0.002
0.002
0.002
0.002
0.002
0.003
0.003
0.001
0.001
0.001
0.002
0.001
0.001
0.002
0.001
0.002
0.001
0.002
0.001
0.001
0.002
0.001
0.001
2.519 s

0.004
0.001
0.003
0.003
0.002
0.002
0.002
0.001
0.002
0.002
0.002
0.003
0.001
0.001
0.001
0.002
0.002
0.002
0.001
0.001
0.002
0.002
0.002
0.001
0.002
0.001
0.001
2.292 s

0.005
0.003
0.002
0.002
0.002
0.003
0.002
0.001
0.002
0.002
0.002
0.003
0.002
0.001
0.001
0.002
0.002
0.001
0.002
0.001
0.001
0.002
0.002
0.001
0.001
0.001
0.002
2.315 s

0.005
0.002
0.002
0.002
0.001
0.002
0.002
0.002
0.001
0.001
0.001
0.001
0.001
0.001
0.001
0.001
0.001
0.001
0.001
0.001
0.001
0.002
0.002
0.001
0.001
0.002
0.001
2.32 s

0.004
0.001
0.002
0.001
0.001
0.002
0.001
0.002
0.003
0.001
0.002
0.001
0.001
0.002
0.001
0.001
0.001
0.001
0.001
0.001
0.001
0.001
0.001
0.001
0.002
0.001
0.001
2.3 s

0.005
0.002
0.002
0.002
0.001
0.002
0.002
0.002
0.001
0.002
0.001
0.002
0.002
0.001
0.001
0.001
0.001
0.001
0.001
0.001
0.001
0.001
0.001
0.001
0.001
0.002
0.002
2.332 s

0.005
0.002
0.002
0.001
0.001
0.001
0.003
0.002
0.002
0.001
0.001
0.001
0.001
0.001
0.001
0.001
0.001
0.002
0.001
0.001
0.001
0.001
0.001
0.001
0.001
0.002
0.001
2.245 s

0.005
0.002
0.002
0.002
0.001
0.002
0.002
0.001
0.001
0.001
0.001
0.002
0.001
0.001
0.001
0.001
0.002
0.001
0.002
0.001
0.001
0.001
0.001
0.001
0.001
0.001
0.001
2.345 s

0.005
0.001
0.002
0.002
0.001
0.002
0.001
0.001
0.002
0.002
0.003
0.001
0.001
0.002
0.001
0.001
0.001
0.001
0.002
0.001
0.001
0.001
0.001
0.001
0.001
0.001
0.001
2.301 s

0.005
0.003
0.003
0.002
0.003
0.002
0.002
0.002
0.001
0.003
0.002
0.002
0.001
0.001
0.001
0.001
0.001
0.002
0.002
0.001
0.001
0.002
0.002
0.001
0.002
0.001
0.002
2.77 s

0.005
0.002
0.002
0.001
0.002
0.002
0.002
0.002
0.002
0.002
0.002
0.002
0.002
0.002
0.004
0.002
0.003
0.001
0.001
0.002
0.001
0.002
0.002
0.002
0.002
0.001
0.001
2.583 s

0.005
0.002
0.002
0.002
0.002
0.004
0.002
0.002
0.001
0.002
0.002
0.002
0.001
0.001
0.002
0.001
0.001
0.001
0.002
0.002
0.001
0.001
0.001
0.002
0.002
0.001
0.001
2.55 s

0.005
0.002
0.002
0.003
0.002
0.003
0.002
0.002
0.001
0.002
0.002
0.002
0.001
0.002
0.002
0.001
0.001
0.002
0.002
0.001
0.001
0.002
0.002
0.002
0.001
0.001
0.001
2.504 s

0.005
0.002
0.002
0.001
0.002
0.002
0.002
0.002
0.001
0.001
0.001
0.003
0.001
0.001
0.001
0.002
0.001
0.002
0.001
0.001
0.002
0.002
0.001
0.001
0.002
0.001
0.001
2.531 s

0.005
0.002
0.002
0.002
0.002
0.002
0.002
0.002
0.001
0.002
0.001
0.003
0.002
0.001
0.001
0.001
0.001
0.001
0.002
0.001
0.001
0.002
0.001
0.001
0.002
0.002
0.002
2.514 s

0.005
0.001
0.002
0.001
0.002
0.002
0.002
0.002
0.002
0.003
0.002
0.002
0.002
0.001
0.002
0.001
0.002
0.001
0.001
0.002
0.001
0.002
0.001
0.001
0.002
0.001
0.001
2.563 s

0.005
0.002
0.002
0.002
0.001
0.002
0.002
0.002
0.003
0.002
0.002
0.002
0.001
0.002
0.001
0.002
0.002
0.001
0.002
0.001
0.001
0.002
0.001
0.001
0.002
0.001
0.001
2.591 s

0.005
0.002
0.002
0.002
0.001
0.001
0.002
0.002
0.001
0.001
0.003
0.002
0.001
0.001
0.001
0.001
0.002
0.001
0.001
0.001
0.001
0.002
0.001
0.001
0.001
0.001
0.002
2.642 s

0.004
0.002
0.002
0.001
0.001
0.002
0.001
0.002
0.002
0.004
0.002
0.002
0.002
0.002
0.001
0.001
0.002
0.001
0.002
0.001
0.001
0.002
0.002
0.002
0.002
0.002
0.002
2.547 s

0.006
0.002
0.002
0.002
0.002
0.002
0.001
0.002
0.003
0.001
0.002
0.002
0.001
0.001
0.001
0.001
0.002
0.001
0.001
0.001
0.001
0.002
0.002
0.001
0.001
0.001
0.001
2.55 s

0.006
0.002
0.002
0.003
0.001
0.001
0.002
0.002
0.002
0.002
0.002
0.002
0.001
0.001
0.002
0.001
0.001
0.001
0.002
0.001
0.001
0.002
0.001
0.001
0.001
0.002
0.001
2.554 s

0.004
0.002
0.002
0.001
0.001
0.001
0.002
0.002
0.002
0.002
0.002
0.002
0.002
0.001
0.001
0.001
0.001
0.001
0.001
0.001
0.001
0.001
0.001
0.001
0.001
0.002
0.002
2.524 s

0.005
0.002
0.003
0.002
0.002
0.003
0.002
0.002
0.003
0.001
0.001
0.001
0.001
0.002
0.002
0.001
0.001
0.001
0.001
0.002
0.001
0.002
0.002
0.002
0.002
0.001
0.001
2.522 s

0.005
0.002
0.001
0.001
0.001
0.002
0.002
0.002
0.001
0.003
0.002
0.002
0.002
0.002
0.001
0.001
0.001
0.001
0.001
0.001
0.001
0.002
0.001
0.002
0.001
0.001
0.001
2.563 s

0.005
0.001
0.002
0.002
0.002
0.002
0.002
0.002
0.002
0.002
0.001
0.002
0.001
0.001
0.001
0.002
0.001
0.001
0.002
0.001
0.002
0.002
0.001
0.001
0.001
0.002
0.001
2.552 s

0.006
0.002
0.003
0.002
0.001
0.002
0.002
0.002
0.002
0.002
0.002
0.002
0.001
0.001
0.001
0.002
0.001
0.001
0.001
0.002
0.001
0.002
0.002
0.002
0.001
0.001
0.002
2.631 s

0.005
0.002
0.002
0.002
0.001
0.002
0.004
0.002
0.001
0.002
0.002
0.002
0.002
0.002
0.002
0.001
0.002
0.001
0.001
0.001
0.001
0.001
0.001
0.001
0.002
0.003
0.002
2.574 s

0.005
0.002
0.001
0.001
0.001
0.002
0.002
0.004
0.002
0.001
0.001
0.002
0.002
0.002
0.001
0.001
0.001
0.001
0.002
0.002
0.001
0.002
0.001
0.002
0.002
0.001
0.002
2.569 s

0.005
0.001
0.002
0.001
0.001
0.002
0.001
0.002
0.001
0.001
0.002
0.002
0.001
0.002
0.001
0.002
0.001
0.001
0.001
0.001
0.001
0.002
0.002
0.001
0.001
0.001
0.001
2.696 s

0.006
0.002
0.002
0.002
0.002
0.002
0.001
0.002
0.002
0.002
0.002
0.006
0.001
0.001
0.001
0.002
0.002
0.001
0.001
0.001
0.001
0.001
0.001
0.001
0.002
0.001
0.001
2.519 s

0.004
0.002
0.002
0.002
0.001
0.003
0.001
0.002
0.002
0.002
0.002
0.001
0.001
0.002
0.001
0.001
0.002
0.002
0.002
0.001
0.002
0.002
0.001
0.001
0.001
0.002
0.002
2.57 s

0.005
0.003
0.003
0.001
0.001
0.002
0.002
0.003
0.002
0.002
0.001
0.002
0.002
0.002
0.001
0.001
0.001
0.001
0.001
0.002
0.001
0.002
0.002
0.002
0.001
0.001
0.002
2.624 s

0.004
0.001
0.002
0.002
0.002
0.003
0.002
0.003
0.001
0.001
0.001
0.001
0.002
0.001
0.001
0.001
0.001
0.001
0.002
0.001
0.001
0.002
0.002
0.002
0.002
0.001
0.001
2.622 s

0.006
0.002
0.002
0.002
0.002
0.002
0.001
0.002
0.002
0.004
0.002
0.001
0.001
0.002
0.001
0.001
0.002
0.001
0.001
0.001
0.001
0.002
0.002
0.001
0.001
0.002
0.001
2.602 s

0.005
0.002
0.002
0.002
0.003
0.003
0.003
0.002
0.002
0.002
0.002
0.002
0.002
0.003
0.001
0.001
0.001
0.002
0.002
0.002
0.002
0.002
0.001
0.001
0.002
0.001
0.001
2.541 s

0.006
0.002
0.002
0.002
0.002
0.003
0.002
0.001
0.002
0.001
0.001
0.003
0.001
0.001
0.001
0.001
0.001
0.001
0.002
0.001
0.002
0.002
0.001
0.001
0.002
0.001
0.001
2.577 s

0.005
0.002
0.002
0.002
0.002
0.002
0.002
0.003
0.002
0.003
0.002
0.002
0.002
0.002
0.001
0.001
0.001
0.002
0.001
0.001
0.001
0.001
0.001
0.002
0.001
0.001
0.001
2.634 s

0.005
0.002
0.002
0.002
0.002
0.003
0.005
0.007
0.001
0.003
0.002
0.002
0.001
0.002
0.001
0.001
0.001
0.002
0.001
0.001
0.001
0.002
0.002
0.001
0.003
0.002
0.001
2.872 s

0.005
0.002
0.002
0.002
0.001
0.002
0.002
0.002
0.003
0.001
0.002
0.002
0.001
0.001
0.005
0.002
0.001
0.001
0.001
0.001
0.002
0.002
0.002
0.001
0.001
0.002
0.001
2.516 s

0.005
0.002
0.002
0.002
0.002
0.002
0.002
0.001
0.002
0.002
0.001
0.001
0.004
0.002
0.002
0.001
0.001
0.001
0.001
0.002
0.002
0.002
0.001
0.001
0.002
0.001
0.001
2.553 s

0.005
0.002
0.002
0.002
0.002
0.002
0.002
0.002
0.001
0.001
0.002
0.003
0.001
0.002
0.001
0.001
0.001
0.001
0.001
0.001
0.001
0.002
0.001
0.001
0.005
0.001
0.001
2.588 s

0.005
0.002
0.002
0.001
0.002
0.002
0.002
0.001
0.001
0.001
0.001
0.001
0.002
0.002
0.001
0.001
0.001
0.001
0.001
0.002
0.001
0.001
0.001
0.001
0.001
0.001
0.001
2.654 s

0.005
0.001
0.002
0.002
0.002
0.002
0.002
0.002
0.001
0.002
0.002
0.002
0.002
0.001
0.001
0.002
0.001
0.001
0.001
0.001
0.002
0.002
0.001
0.001
0.002
0.001
0.001
2.555 s

0.005
0.002
0.002
0.002
0.002
0.002
0.002
0.002
0.002
0.002
0.002
0.001
0.001
0.001
0.001
0.001
0.001
0.001
0.002
0.001
0.001
0.002
0.001
0.002
0.001
0.001
0.001
2.534 s

0.006
0.002
0.003
0.002
0.002
0.003
0.003
0.001
0.001
0.002
0.004
0.001
0.001
0.002
0.001
0.002
0.002
0.001
0.001
0.002
0.002
0.002
0.003
0.002
0.002
0.002
0.002
2.57 s

0.004
0.002
0.004
0.002
0.002
0.002
0.001
0.002
0.001
0.001
0.001
0.001
0.001
0.001
0.001
0.001
0.001
0.001
0.001
0.001
0.001
0.001
0.002
0.002
0.001
0.001
0.001
2.603 s

0.005
0.002
0.002
0.001
0.001
0.002
0.001
0.002
0.003
0.002
0.001
0.001
0.001
0.002
0.001
0.001
0.002
0.001
0.001
0.001
0.002
0.002
0.002
0.002
0.001
0.001
0.002
2.659 s

0.005
0.002
0.002
0.002
0.001
0.003
0.001
0.002
0.001
0.001
0.002
0.001
0.002
0.002
0.001
0.002
0.001
0.001
0.001
0.001
0.001
0.002
0.001
0.002
0.001
0.002
0.002
2.615 s

0.005
0.002
0.002
0.001
0.001
0.002
0.003
0.002
0.002
0.002
0.001
0.001
0.002
0.001
0.001
0.002
0.001
0.001
0.001
0.001
0.001
0.002
0.002
0.001
0.001
0.001
0.001
2.593 s

 