0.060
0.017
0.018
0.038
0.086
0.010
0.009
0.008
0.005
0.010
0.006
0.004
0.005
0.004
0.003
0.012
0.004
0.004
0.006
0.005
0.010
0.006
0.007
0.006
0.022
0.005
0.003
0.003
0.005
0.018
0.005
0.004
0.003
0.005
0.004
0.005
0.006
0.004
0.013
0.013
0.005
0.005
0.003
0.014
0.015
4.024 s

0.049
0.017
0.011
0.011
0.032
0.003
0.003
0.003
0.003
0.003
0.003
0.003
0.002
0.003
0.002
0.003
0.003
0.003
0.003
0.003
0.006
0.004
0.005
0.004
0.017
0.003
0.003
0.005
0.003
0.013
0.003
0.003
0.004
0.003
0.003
0.004
0.003
0.003
0.013
0.013
0.007
0.004
0.004
0.013
0.015
3.272 s

0.061
0.015
0.011
0.010
0.028
0.003
0.007
0.003
0.003
0.003
0.004
0.003
0.003
0.003
0.004
0.003
0.002
0.002
0.002
0.003
0.006
0.004
0.004
0.005
0.014
0.003
0.003
0.004
0.006
0.014
0.004
0.003
0.008
0.005
0.004
0.004
0.005
0.003
0.011
0.014
0.005
0.007
0.008
0.019
0.017
3.212 s

0.051
0.013
0.011
0.012
0.029
0.005
0.003
0.003
0.004
0.003
0.003
0.003
0.002
0.003
0.002
0.003
0.003
0.003
0.003
0.003
0.005
0.004
0.005
0.004
0.017
0.002
0.002
0.003
0.003
0.013
0.004
0.003
0.003
0.003
0.002
0.004
0.005
0.004
0.013
0.014
0.004
0.005
0.004
0.014
0.014
3.195 s

0.050
0.016
0.011
0.011
0.031
0.004
0.003
0.003
0.003
0.003
0.003
0.003
0.002
0.003
0.003
0.003
0.002
0.003
0.002
0.003
0.007
0.004
0.003
0.004
0.014
0.003
0.002
0.002
0.003
0.013
0.003
0.004
0.003
0.003
0.003
0.004
0.003
0.003
0.012
0.053
0.004
0.004
0.006
0.013
0.015
3.21 s

0.049
0.017
0.011
0.012
0.032
0.003
0.003
0.006
0.003
0.004
0.004
0.003
0.002
0.003
0.002
0.003
0.002
0.003
0.002
0.002
0.006
0.004
0.005
0.010
0.018
0.003
0.003
0.003
0.004
0.012
0.003
0.003
0.002
0.003
0.005
0.004
0.005
0.005
0.015
0.015
0.005
0.005
0.004
0.016
0.014
3.217 s

0.048
0.016
0.013
0.013
0.029
0.003
0.003
0.003
0.004
0.004
0.005
0.003
0.003
0.003
0.003
0.003
0.004
0.003
0.002
0.003
0.005
0.005
0.004
0.005
0.018
0.003
0.003
0.003
0.003
0.012
0.003
0.003
0.003
0.004
0.003
0.005
0.004
0.005
0.013
0.016
0.006
0.006
0.005
0.016
0.016
3.219 s

0.050
0.016
0.012
0.011
0.032
0.004
0.003
0.004
0.004
0.004
0.003
0.003
0.002
0.003
0.002
0.003
0.003
0.003
0.002
0.003
0.006
0.005
0.004
0.004
0.016
0.002
0.002
0.002
0.004
0.012
0.004
0.003
0.004
0.003
0.002
0.004
0.003
0.004
0.012
0.015
0.006
0.004
0.004
0.015
0.014
3.191 s

0.048
0.017
0.012
0.014
0.033
0.005
0.003
0.003
0.004
0.004
0.003
0.004
0.003
0.003
0.003
0.003
0.003
0.003
0.004
0.002
0.005
0.004
0.004
0.005
0.015
0.004
0.002
0.003
0.003
0.015
0.004
0.002
0.004
0.040
0.003
0.004
0.005
0.004
0.020
0.018
0.006
0.009
0.004
0.014
0.014
3.257 s

0.049
0.015
0.011
0.011
0.025
0.004
0.003
0.002
0.003
0.004
0.003
0.003
0.003
0.003
0.003
0.002
0.003
0.002
0.003
0.002
0.006
0.004
0.005
0.006
0.015
0.003
0.003
0.003
0.004
0.012
0.004
0.003
0.003
0.004
0.003
0.004
0.004
0.003
0.012
0.015
0.004
0.003
0.003
0.015
0.014
3.221 s

0.052
0.015
0.010
0.012
0.027
0.003
0.005
0.002
0.003
0.003
0.003
0.003
0.003
0.003
0.003
0.003
0.003
0.002
0.003
0.003
0.006
0.004
0.004
0.006
0.016
0.003
0.003
0.003
0.004
0.012
0.004
0.003
0.003
0.004
0.002
0.004
0.003
0.004
0.012
0.051
0.009
0.007
0.004
0.014
0.013
3.249 s

0.052
0.015
0.011
0.012
0.030
0.004
0.003
0.004
0.003
0.004
0.004
0.003
0.003
0.002
0.005
0.004
0.002
0.003
0.002
0.003
0.005
0.004
0.004
0.004
0.014
0.003
0.003
0.003
0.003
0.013
0.003
0.002
0.003
0.003
0.003
0.006
0.003
0.004
0.013
0.014
0.004
0.004
0.003
0.013
0.014
3.222 s

0.051
0.019
0.010
0.013
0.029
0.003
0.003
0.005
0.004
0.003
0.003
0.002
0.003
0.002
0.003
0.003
0.003
0.003
0.003
0.003
0.006
0.004
0.004
0.004
0.017
0.002
0.003
0.003
0.004
0.013
0.003
0.003
0.004
0.003
0.003
0.004
0.004
0.003
0.012
0.024
0.007
0.005
0.005
0.021
0.016
3.241 s

0.056
0.019
0.016
0.015
0.029
0.003
0.003
0.004
0.003
0.006
0.003
0.003
0.003
0.004
0.003
0.003
0.003
0.003
0.002
0.003
0.006
0.005
0.005
0.004
0.018
0.003
0.003
0.003
0.003
0.013
0.003
0.003
0.002
0.003
0.002
0.004
0.004
0.004
0.012
0.015
0.004
0.005
0.004
0.014
0.015
3.272 s

0.050
0.014
0.012
0.012
0.030
0.005
0.004
0.003
0.003
0.005
0.004
0.003
0.003
0.011
0.003
0.003
0.005
0.005
0.004
0.003
0.006
0.005
0.005
0.004
0.014
0.003
0.003
0.003
0.004
0.015
0.003
0.004
0.004
0.003
0.003
0.005
0.003
0.003
0.012
0.016
0.006
0.004
0.003
0.014
0.018
3.27 s

0.048
0.018
0.010
0.013
0.027
0.004
0.003
0.003
0.005
0.004
0.003
0.003
0.003
0.003
0.002
0.002
0.004
0.002
0.002
0.002
0.006
0.004
0.004
0.004
0.016
0.003
0.003
0.003
0.003
0.012
0.003
0.002
0.003
0.004
0.003
0.006
0.004
0.004
0.013
0.014
0.004
0.005
0.004
0.013
0.017
3.176 s

0.049
0.016
0.012
0.012
0.038
0.003
0.003
0.003
0.003
0.004
0.003
0.003
0.002
0.003
0.004
0.003
0.003
0.004
0.003
0.003
0.008
0.005
0.004
0.005
0.014
0.003
0.002
0.003
0.003
0.013
0.003
0.003
0.004
0.003
0.004
0.004
0.004
0.004
0.014
0.015
0.004
0.004
0.004
0.014
0.014
3.235 s

0.047
0.016
0.011
0.012
0.030
0.003
0.003
0.004
0.002
0.005
0.004
0.004
0.003
0.003
0.003
0.003
0.004
0.003
0.003
0.003
0.005
0.005
0.004
0.004
0.015
0.003
0.003
0.003
0.003
0.029
0.005
0.003
0.004
0.003
0.004
0.006
0.005
0.004
0.014
0.023
0.004
0.005
0.006
0.016
0.016
3.28 s

0.050
0.016
0.011
0.011
0.033
0.003
0.003
0.002
0.003
0.004
0.004
0.003
0.004
0.004
0.002
0.003
0.003
0.003
0.003
0.003
0.006
0.005
0.004
0.004
0.015
0.003
0.004
0.003
0.004
0.013
0.003
0.003
0.005
0.004
0.004
0.004
0.004
0.004
0.012
0.014
0.004
0.006
0.004
0.014
0.017
3.153 s

0.050
0.014
0.011
0.011
0.028
0.005
0.004
0.004
0.004
0.003
0.004
0.003
0.002
0.002
0.003
0.002
0.002
0.003
0.002
0.002
0.005
0.004
0.005
0.004
0.015
0.003
0.003
0.003
0.006
0.017
0.003
0.003
0.003
0.004
0.003
0.004
0.003
0.003
0.012
0.016
0.005
0.003
0.004
0.013
0.014
3.181 s

0.050
0.017
0.011
0.011
0.029
0.006
0.003
0.003
0.003
0.003
0.004
0.004
0.002
0.003
0.002
0.003
0.003
0.003
0.003
0.003
0.006
0.005
0.005
0.004
0.013
0.003
0.003
0.003
0.004
0.013
0.004
0.003
0.003
0.004
0.007
0.005
0.003
0.004
0.020
0.015
0.004
0.004
0.004
0.016
0.013
3.222 s

0.050
0.016
0.010
0.012
0.030
0.004
0.002
0.003
0.005
0.004
0.003
0.003
0.003
0.003
0.004
0.003
0.003
0.002
0.003
0.002
0.005
0.005
0.004
0.005
0.015
0.002
0.003
0.003
0.004
0.013
0.003
0.002
0.003
0.003
0.003
0.004
0.004
0.003
0.013
0.015
0.003
0.004
0.005
0.014
0.017
3.217 s

0.050
0.016
0.011
0.012
0.027
0.003
0.003
0.003
0.005
0.003
0.003
0.003
0.002
0.002
0.002
0.003
0.003
0.003
0.003
0.002
0.006
0.006
0.007
0.005
0.017
0.004
0.002
0.003
0.002
0.013
0.003
0.003
0.003
0.003
0.003
0.004
0.004
0.003
0.013
0.014
0.004
0.005
0.004
0.018
0.017
3.176 s

0.050
0.014
0.011
0.013
0.028
0.003
0.003
0.004
0.003
0.003
0.004
0.003
0.002
0.002
0.003
0.004
0.004
0.002
0.002
0.003
0.005
0.004
0.004
0.004
0.016
0.003
0.003
0.003
0.002
0.013
0.003
0.004
0.003
0.004
0.002
0.004
0.003
0.004
0.013
0.014
0.004
0.005
0.004
0.014
0.015
3.152 s

0.050
0.017
0.011
0.018
0.029
0.004
0.003
0.004
0.004
0.003
0.003
0.002
0.003
0.003
0.003
0.002
0.002
0.002
0.002
0.002
0.005
0.005
0.003
0.004
0.015
0.005
0.003
0.003
0.003
0.013
0.003
0.003
0.003
0.004
0.002
0.003
0.004
0.004
0.013
0.016
0.004
0.004
0.003
0.014
0.015
3.206 s

0.048
0.016
0.012
0.012
0.030
0.003
0.003
0.006
0.003
0.003
0.003
0.004
0.003
0.003
0.003
0.003
0.003
0.002
0.003
0.002
0.006
0.005
0.004
0.004
0.021
0.004
0.003
0.004
0.004
0.019
0.005
0.003
0.002
0.003
0.003
0.004
0.003
0.003
0.013
0.016
0.005
0.004
0.004
0.014
0.015
3.247 s

0.049
0.016
0.013
0.013
0.028
0.003
0.003
0.003
0.003
0.004
0.003
0.002
0.002
0.002
0.003
0.003
0.004
0.002
0.002
0.003
0.005
0.005
0.004
0.005
0.014
0.002
0.002
0.002
0.004
0.012
0.003
0.003
0.003
0.003
0.003
0.004
0.003
0.003
0.013
0.014
0.004
0.004
0.004
0.014
0.014
3.191 s

0.049
0.015
0.010
0.012
0.030
0.003
0.002
0.003
0.005
0.004
0.003
0.003
0.003
0.003
0.003
0.003
0.002
0.003
0.003
0.003
0.006
0.005
0.004
0.004
0.022
0.002
0.003
0.004
0.003
0.015
0.003
0.004
0.004
0.003
0.003
0.004
0.004
0.003
0.012
0.018
0.006
0.004
0.004
0.015
0.014
3.259 s

0.049
0.017
0.012
0.012
0.029
0.003
0.003
0.003
0.003
0.005
0.004
0.003
0.002
0.003
0.003
0.003
0.002
0.003
0.002
0.003
0.005
0.004
0.005
0.004
0.014
0.004
0.003
0.041
0.003
0.017
0.003
0.004
0.003
0.004
0.002
0.004
0.004
0.003
0.012
0.016
0.004
0.005
0.004
0.014
0.015
3.239 s

0.051
0.015
0.012
0.010
0.030
0.003
0.003
0.004
0.004
0.003
0.004
0.003
0.002
0.002
0.002
0.003
0.002
0.002
0.002
0.002
0.005
0.005
0.004
0.006
0.016
0.003
0.002
0.003
0.003
0.013
0.003
0.002
0.003
0.004
0.003
0.005
0.004
0.003
0.012
0.013
0.003
0.007
0.004
0.015
0.013
3.233 s

0.048
0.015
0.012
0.013
0.028
0.003
0.002
0.003
0.004
0.003
0.005
0.003
0.002
0.002
0.003
0.002
0.004
0.004
0.003
0.003
0.005
0.004
0.007
0.005
0.016
0.002
0.002
0.003
0.003
0.013
0.003
0.005
0.005
0.004
0.003
0.005
0.006
0.050
0.019
0.018
0.004
0.004
0.004
0.015
0.017
3.297 s

0.049
0.014
0.011
0.011
0.029
0.003
0.003
0.003
0.003
0.004
0.004
0.005
0.002
0.003
0.003
0.003
0.002
0.002
0.002
0.003
0.006
0.004
0.004
0.004
0.015
0.003
0.002
0.003
0.006
0.012
0.004
0.003
0.004
0.003
0.003
0.004
0.004
0.003
0.012
0.014
0.004
0.005
0.004
0.017
0.014
3.256 s

0.049
0.017
0.010
0.010
0.027
0.003
0.002
0.003
0.007
0.004
0.005
0.004
0.003
0.003
0.004
0.002
0.003
0.003
0.003
0.002
0.006
0.007
0.005
0.004
0.015
0.002
0.002
0.003
0.003
0.012
0.003
0.003
0.004
0.003
0.004
0.004
0.004
0.004
0.016
0.023
0.004
0.004
0.004
0.015
0.015
3.257 s

0.047
0.018
0.011
0.011
0.027
0.003
0.002
0.003
0.003
0.004
0.003
0.003
0.002
0.003
0.003
0.003
0.004
0.003
0.003
0.002
0.006
0.005
0.011
0.008
0.029
0.004
0.003
0.007
0.004
0.017
0.004
0.003
0.004
0.005
0.004
0.004
0.008
0.004
0.012
0.014
0.006
0.004
0.003
0.013
0.014
3.289 s

0.048
0.018
0.010
0.012
0.048
0.005
0.003
0.005
0.007
0.003
0.004
0.003
0.003
0.003
0.002
0.003
0.002
0.002
0.002
0.003
0.006
0.005
0.005
0.004
0.015
0.003
0.003
0.003
0.002
0.011
0.003
0.002
0.003
0.003
0.004
0.004
0.005
0.003
0.015
0.014
0.004
0.005
0.004
0.014
0.015
3.192 s

0.050
0.013
0.011
0.014
0.026
0.004
0.005
0.003
0.004
0.003
0.003
0.004
0.003
0.003
0.003
0.004
0.003
0.003
0.003
0.002
0.006
0.004
0.005
0.005
0.015
0.003
0.002
0.005
0.004
0.015
0.004
0.004
0.003
0.004
0.003
0.005
0.004
0.004
0.014
0.014
0.006
0.005
0.004
0.015
0.013
3.164 s

0.049
0.016
0.011
0.013
0.029
0.004
0.003
0.004
0.003
0.004
0.004
0.002
0.002
0.002
0.002
0.003
0.003
0.003
0.002
0.002
0.006
0.005
0.004
0.004
0.016
0.003
0.003
0.003
0.004
0.012
0.003
0.004
0.003
0.004
0.003
0.004
0.004
0.004
0.014
0.012
0.005
0.004
0.003
0.014
0.014
3.184 s

0.050
0.016
0.011
0.011
0.029
0.005
0.002
0.003
0.003
0.003
0.004
0.003
0.003
0.003
0.003
0.003
0.003
0.003
0.003
0.003
0.006
0.004
0.006
0.004
0.014
0.003
0.002
0.003
0.003
0.012
0.003
0.003
0.004
0.004
0.003
0.003
0.003
0.003
0.012
0.015
0.004
0.004
0.004
0.014
0.015
3.231 s

0.049
0.016
0.012
0.011
0.027
0.003
0.003
0.002
0.004
0.005
0.004
0.003
0.003
0.002
0.002
0.002
0.003
0.002
0.002
0.002
0.006
0.005
0.004
0.003
0.014
0.003
0.003
0.004
0.004
0.012
0.003
0.003
0.003
0.004
0.003
0.003
0.003
0.003
0.012
0.015
0.004
0.003
0.003
0.014
0.015
3.193 s

0.050
0.014
0.010
0.011
0.031
0.003
0.003
0.003
0.003
0.004
0.003
0.002
0.003
0.002
0.002
0.002
0.002
0.002
0.002
0.003
0.006
0.005
0.005
0.004
0.014
0.002
0.003
0.004
0.003
0.013
0.003
0.003
0.004
0.004
0.004
0.004
0.004
0.005
0.013
0.015
0.004
0.004
0.004
0.054
0.027
3.241 s

0.049
0.016
0.010
0.011
0.027
0.003
0.003
0.004
0.005
0.003
0.003
0.003
0.002
0.002
0.003
0.003
0.003
0.003
0.003
0.002
0.006
0.005
0.004
0.005
0.017
0.003
0.003
0.003
0.003
0.013
0.002
0.003
0.004
0.003
0.003
0.003
0.004
0.003
0.012
0.017
0.005
0.004
0.004
0.014
0.016
3.171 s

0.050
0.023
0.013
0.011
0.030
0.003
0.003
0.002
0.003
0.004
0.004
0.003
0.002
0.002
0.003
0.002
0.002
0.002
0.002
0.002
0.005
0.007
0.005
0.004
0.014
0.003
0.003
0.004
0.003
0.014
0.003
0.003
0.003
0.004
0.003
0.003
0.026
0.004
0.021
0.015
0.004
0.006
0.003
0.014
0.016
3.214 s

0.049
0.015
0.012
0.012
0.032
0.004
0.003
0.003
0.003
0.003
0.003
0.003
0.002
0.004
0.003
0.003
0.003
0.003
0.003
0.004
0.007
0.004
0.005
0.004
0.015
0.002
0.002
0.003
0.004
0.014
0.003
0.003
0.003
0.004
0.003
0.004
0.004
0.004
0.012
0.014
0.004
0.004
0.005
0.014
0.015
3.206 s

0.050
0.015
0.010
0.011
0.026
0.006
0.003
0.004
0.004
0.003
0.004
0.004
0.003
0.003
0.002
0.003
0.002
0.002
0.002
0.003
0.005
0.004
0.003
0.003
0.014
0.003
0.003
0.003
0.005
0.013
0.003
0.002
0.003
0.004
0.003
0.004
0.004
0.004
0.012
0.018
0.005
0.005
0.004
0.016
0.014
3.198 s

0.052
0.015
0.012
0.011
0.032
0.004
0.003
0.005
0.002
0.003
0.004
0.002
0.003
0.002
0.002
0.002
0.002
0.004
0.004
0.007
0.006
0.005
0.004
0.004
0.014
0.003
0.003
0.003
0.004
0.026
0.003
0.003
0.010
0.004
0.003
0.003
0.004
0.004
0.012
0.015
0.004
0.004
0.003
0.014
0.014
3.246 s

0.050
0.015
0.011
0.010
0.028
0.003
0.003
0.003
0.002
0.004
0.004
0.003
0.002
0.003
0.003
0.003
0.002
0.002
0.003
0.002
0.005
0.005
0.005
0.004
0.016
0.003
0.003
0.003
0.003
0.012
0.003
0.004
0.004
0.003
0.003
0.004
0.003
0.003
0.013
0.013
0.004
0.008
0.004
0.014
0.014
3.21 s

0.049
0.014
0.010
0.011
0.029
0.003
0.003
0.003
0.004
0.003
0.003
0.004
0.002
0.003
0.002
0.003
0.002
0.003
0.003
0.003
0.006
0.005
0.006
0.004
0.015
0.003
0.002
0.004
0.003
0.012
0.004
0.004
0.004
0.004
0.004
0.004
0.007
0.003
0.016
0.017
0.004
0.005
0.004
0.014
0.015
3.259 s

0.049
0.016
0.011
0.011
0.029
0.003
0.003
0.003
0.005
0.004
0.004
0.003
0.003
0.003
0.003
0.003
0.004
0.003
0.003
0.002
0.005
0.006
0.005
0.004
0.015
0.008
0.005
0.003
0.004
0.014
0.004
0.003
0.003
0.004
0.002
0.003
0.004
0.004
0.012
0.014
0.003
0.004
0.004
0.013
0.015
3.255 s

0.062
0.037
0.022
0.020
0.035
0.004
0.004
0.003
0.003
0.004
0.003
0.004
0.019
0.003
0.003
0.004
0.003
0.003
0.002
0.003
0.006
0.005
0.004
0.004
0.016
0.003
0.002
0.003
0.002
0.018
0.004
0.004
0.006
0.004
0.003
0.005
0.003
0.005
0.014
0.016
0.005
0.008
0.006
0.018
0.021
3.622 s

0.066
0.020
0.016
0.011
0.034
0.004
0.004
0.004
0.005
0.008
0.004
0.003
0.005
0.004
0.004
0.003
0.004
0.005
0.005
0.003
0.010
0.006
0.006
0.005
0.018
0.004
0.003
0.003
0.002
0.013
0.003
0.003
0.004
0.003
0.003
0.004
0.004
0.004
0.013
0.017
0.005
0.005
0.006
0.019
0.017
3.687 s

 