0.016 
0.002 
0.055 
0.011 
0.004 
0.004 
0.008 
0.003 
0.004 
0.004 
0.004 
0.005 
0.003 
1.656 s

0.017 
0.001 
0.040 
0.006 
0.005 
0.005 
 307 
0.004 
0.003 
0.004 
0.004 
0.005 
0.005 
2.259 s

0.020 
0.001 
0.043 
0.009 
0.007 
0.004 
0.007 
0.004 
0.004 
0.005 
0.005 
0.005 
0.003 
1.934 s

0.017 
0.002 
0.035 
0.006 
0.004 
0.004 
0.006 
0.004 
0.004 
0.004 
0.004 
0.005 
0.005 
2.398 s

0.019 
0.002 
0.040 
0.005 
0.004 
0.005 
0.008 
0.003 
0.004 
0.005 
0.004 
0.003 
0.003 
2.215 s

0.017 
0.002 
0.037 
0.005 
0.004 
0.003 
0.006 
0.003 
0.003 
0.003 
0.003 
0.003 
0.004 
2.048 s

0.016 
0.002 
0.036 
0.005 
0.004 
0.003 
0.006 
0.003 
0.003 
0.004 
0.003 
0.004 
0.002 
1.92 s

0.019 
0.002 
0.044 
0.005 
0.004 
0.004 
0.006 
0.004 
0.005 
0.011 
0.005 
0.020 
0.003 
1.852 s

0.016 
0.002 
0.034 
0.005 
0.003 
0.004 
0.006 
0.004 
0.003 
0.003 
0.003 
0.004 
0.004 
1.681 s

0.020 
0.002 
0.046 
0.006 
0.005 
0.006 
0.007 
0.003 
0.003 
0.004 
0.004 
0.004 
0.002 
1.853 s

0.016 
0.003 
0.034 
0.004 
0.004 
0.003 
0.008 
0.002 
0.003 
0.003 
0.004 
0.004 
0.003 
1.567 s

0.016 
0.002 
0.032 
0.005 
0.004 
0.004 
0.007 
0.003 
0.003 
0.004 
0.004 
0.003 
0.003 
1.561 s

0.017 
0.001 
0.032 
0.005 
0.005 
0.004 
0.007 
0.003 
0.004 
0.003 
0.003 
0.003 
0.003 
1.576 s

0.016 
0.002 
0.033 
0.006 
0.004 
0.003 
0.006 
0.003 
0.004 
0.004 
0.004 
0.004 
0.003 
1.554 s

0.016 
0.002 
0.030 
0.005 
0.004 
0.004 
0.006 
0.003 
0.003 
0.003 
0.004 
0.003 
0.003 
1.556 s

0.016 
0.002 
0.031 
0.006 
0.004 
0.004 
0.006 
0.003 
0.004 
0.004 
0.003 
0.004 
0.004 
1.565 s

0.015 
0.002 
0.026 
0.006 
0.004 
0.003 
0.007 
0.003 
0.003 
0.004 
0.003 
0.003 
0.003 
1.591 s

0.015 
0.001 
0.030 
0.004 
0.004 
0.005 
0.009 
0.003 
0.003 
0.003 
0.003 
0.004 
0.003 
1.59 s

0.015 
0.002 
0.032 
0.005 
0.004 
0.004 
0.006 
0.003 
0.003 
0.004 
0.004 
0.004 
0.003 
1.594 s

0.017 
0.001 
0.028 
0.005 
0.003 
0.004 
0.005 
0.002 
0.003 
0.003 
0.003 
0.003 
0.003 
1.535 s

0.017 
0.001 
0.037 
0.005 
0.004 
0.004 
0.006 
0.003 
0.004 
0.004 
0.003 
0.003 
0.002 
1.564 s

0.016 
0.002 
0.069 
0.005 
0.004 
0.004 
0.006 
0.003 
0.004 
0.003 
0.003 
0.003 
0.003 
1.592 s

0.016 
0.001 
0.030 
0.008 
0.004 
0.004 
0.012 
0.003 
0.003 
0.003 
0.003 
0.004 
0.003 
1.946 s

0.017 
0.002 
0.038 
0.005 
0.004 
0.005 
0.018 
0.003 
0.003 
0.003 
0.004 
0.003 
0.002 
1.673 s

0.016 
0.001 
0.030 
0.005 
0.005 
0.004 
0.007 
0.003 
0.003 
0.003 
0.003 
0.003 
0.004 
1.567 s

0.017 
0.002 
0.033 
0.007 
0.004 
0.004 
0.006 
0.003 
0.003 
0.003 
0.003 
0.003 
0.003 
1.568 s

0.017 
0.002 
0.032 
0.005 
0.004 
0.003 
0.005 
0.003 
0.003 
0.003 
0.004 
0.003 
0.003 
1.551 s

0.016 
0.001 
0.030 
0.004 
0.004 
0.004 
0.006 
0.002 
0.003 
0.004 
0.004 
0.003 
0.003 
1.549 s

0.017 
0.002 
0.038 
0.005 
0.004 
0.004 
0.005 
0.003 
0.003 
0.003 
0.003 
0.003 
0.005 
1.589 s

0.017 
0.002 
0.034 
0.005 
0.004 
0.003 
0.009 
0.003 
0.003 
0.004 
0.004 
0.004 
0.003 
1.555 s

0.017 
0.002 
0.036 
0.005 
0.003 
0.003 
0.005 
0.003 
0.003 
0.003 
0.003 
0.003 
0.002 
1.593 s

0.016 
0.002 
0.031 
0.006 
0.004 
0.004 
0.006 
0.004 
0.004 
0.003 
0.004 
0.004 
0.003 
1.592 s

0.016 
0.002 
0.035 
0.005 
0.004 
0.003 
0.005 
0.003 
0.003 
0.003 
0.004 
0.004 
0.004 
1.567 s

0.016 
0.001 
0.033 
0.004 
0.005 
0.004 
0.005 
0.003 
0.003 
0.004 
0.004 
0.003 
0.003 
1.584 s

0.017 
0.002 
0.032 
0.005 
0.005 
0.004 
0.008 
0.003 
0.003 
0.004 
0.004 
0.003 
0.003 
1.569 s

0.017 
0.001 
0.033 
0.005 
0.004 
0.003 
0.005 
0.003 
0.003 
0.004 
0.004 
0.004 
0.003 
1.587 s

0.015 
0.002 
0.031 
0.006 
0.004 
0.004 
0.007 
0.003 
0.003 
0.004 
0.003 
0.004 
0.003 
1.577 s

0.017 
0.001 
0.033 
0.005 
0.004 
0.003 
0.006 
0.003 
0.003 
0.004 
0.003 
0.003 
0.003 
1.585 s

0.016 
0.002 
0.036 
0.005 
0.005 
0.004 
0.006 
0.003 
0.003 
0.003 
0.003 
0.004 
0.003 
1.572 s

0.016 
0.002 
0.037 
0.005 
0.004 
0.004 
0.007 
0.002 
0.003 
0.004 
0.003 
0.004 
0.004 
1.558 s

0.016 
0.001 
0.033 
0.005 
0.004 
0.003 
0.007 
0.003 
0.003 
0.004 
0.003 
0.003 
0.003 
1.633 s

0.016 
0.001 
0.033 
0.004 
0.003 
0.003 
0.006 
0.003 
0.004 
0.003 
0.003 
0.003 
0.003 
1.563 s

0.017 
0.001 
0.030 
0.005 
0.004 
0.004 
0.007 
0.003 
0.003 
0.003 
0.003 
0.003 
0.003 
1.579 s

0.016 
0.002 
0.029 
0.006 
0.004 
0.004 
0.008 
0.002 
0.003 
0.004 
0.003 
0.003 
0.003 
1.551 s

0.016 
0.001 
0.034 
0.004 
0.004 
0.004 
0.005 
0.002 
0.003 
0.003 
0.003 
0.004 
0.003 
1.577 s

0.015 
0.002 
0.034 
0.005 
0.004 
0.004 
0.005 
0.003 
0.003 
0.003 
0.003 
0.003 
0.004 
1.583 s

0.016 
0.001 
0.030 
0.007 
0.004 
0.004 
0.007 
0.003 
0.003 
0.004 
0.003 
0.004 
0.003 
1.583 s

0.017 
0.001 
0.031 
0.005 
0.004 
0.004 
0.007 
0.003 
0.003 
0.004 
0.004 
0.004 
0.003 
1.541 s

0.016 
0.001 
0.031 
0.005 
0.004 
0.003 
0.006 
0.003 
0.004 
0.003 
0.003 
0.004 
0.003 
1.552 s

0.016 
0.002 
0.033 
0.005 
0.003 
0.004 
0.005 
0.003 
0.003 
0.003 
0.003 
0.004 
0.003 
1.641 s

