0.006
0.004
0.003
0.004
0.005
0.007
2.879 s

0.005
0.004
0.002
0.004
0.004
0.006
2.483 s

0.005
0.003
0.003
0.003
0.005
0.006
2.552 s

0.005
0.003
0.002
0.004
0.005
0.008
2.403 s

0.005
0.003
0.002
0.003
0.004
0.006
2.644 s

0.005
0.003
0.002
0.005
0.004
0.006
2.39 s

0.006
0.003
0.004
0.005
0.003
0.010
2.775 s

0.005
0.002
0.002
0.003
0.003
0.005
2.222 s

0.004
0.003
0.002
0.002
0.004
0.006
2.328 s

0.005
0.003
0.002
0.003
0.005
0.006
2.229 s

0.005
0.003
0.003
0.004
0.003
0.005
2.086 s

0.004
0.003
0.002
0.005
0.004
0.006
2.074 s

0.005
0.003
0.003
0.003
0.003
0.005
2.08 s

0.004
0.004
0.003
0.004
0.003
0.005
2.104 s

0.005
0.003
0.003
0.004
0.003
0.005
2.21 s

0.004
0.003
0.002
0.003
0.002
0.004
2.252 s

0.006
0.003
0.003
0.003
0.003
0.005
2.246 s

0.006
0.003
0.003
0.003
0.003
0.008
2.082 s

0.005
0.002
0.002
0.002
0.004
0.005
2.055 s

0.005
0.003
0.002
0.003
0.003
0.007
2.252 s

0.005
0.003
0.002
0.004
0.003
0.006
2.594 s

0.005
0.002
0.002
0.003
0.004
0.005
2.415 s

0.004
0.003
0.002
0.005
0.003
0.005
2.062 s

0.006
0.003
0.003
0.004
0.004
0.006
2.57 s

0.004
0.002
0.003
0.003
0.004
0.006
2.466 s

0.005
0.003
0.003
0.004
0.004
0.007
2.121 s

0.004
0.003
0.002
0.003
0.004
0.006
2.327 s

0.004
0.003
0.003
0.004
0.004
0.005
2.138 s

0.004
0.003
0.003
0.003
0.002
0.004
2.098 s

0.004
0.003
0.002
0.003
0.004
0.005
2.096 s

0.004
0.002
0.003
0.003
0.003
0.006
2.112 s

0.005
0.003
0.002
0.004
0.005
0.005
2.176 s

0.005
0.003
0.002
0.003
0.004
0.005
2.426 s

0.005
0.003
0.003
0.002
0.003
0.006
2.121 s

0.004
0.003
0.003
0.003
0.004
0.006
2.109 s

0.005
0.002
0.002
0.002
0.004
0.005
2.255 s

0.005
0.003
0.003
0.003
0.005
0.007
2.21 s

0.005
0.003
0.003
0.004
0.005
0.006
2.342 s

0.004
0.003
0.003
0.003
0.004
0.006
2.258 s

0.004
0.002
0.002
0.003
0.003
0.005
2.1 s

0.006
0.002
0.002
0.003
0.003
0.006
2.183 s

0.005
0.002
0.002
0.002
0.003
0.007
2.229 s

0.004
0.003
0.002
0.003
0.005
0.006
2.182 s

0.005
0.004
0.002
0.002
0.003
0.006
2.22 s

0.005
0.002
0.002
0.003
0.004
0.005
2.24 s

0.005
0.003
0.003
0.005
0.005
0.009
2.352 s

0.006
0.002
0.004
0.003
0.004
0.006
2.19 s

0.005
0.003
0.003
0.003
0.003
0.005
2.27 s

0.005
0.003
0.002
0.003
0.005
0.005
2.268 s

0.005
0.003
0.002
0.003
0.004
0.006
2.108 s

 