0.002 
0.002 
0.002 
0.002 
0.001 
0.002 
0.003 
0.001 
0.001 
0.001 
0.001 
0.001 
0.001 
0.001 
1.687 s

0.002 
0.002 
0.001 
0.001 
0.001 
0.001 
0.002 
0.001 
0.001 
0.001 
0.001 
0.001 
0.001 
1.651 s

0.002 
0.002 
0.001 
0.001 
0.001 
0.001 
0.002 
0.001 
0.001 
0.001 
0.001 
0.001 
0.001 
0.001 
1.426 s

0.003 
0.002 
0.001 
0.001 
0.001 
0.002 
0.001 
0.001 
0.001 
0.001 
0.001 
0.002 
0.001 
0.004 
1.498 s

0.003 
0.001 
0.001 
0.001 
0.001 
0.001 
0.003 
0.001 
0.001 
0.004 
0.001 
1.533 s

0.003 
0.002 
0.001 
0.001 
0.001 
0.003 
0.001 
0.001 
0.002 
0.001 
0.003 
0.001 
0.001 
1.532 s

0.002 
0.002 
0.003 
0.001 
0.001 
0.001 
0.002 
0.001 
0.001 
0.001 
0.002 
0.001 
0.001 
0.001 
1.453 s

0.002 
0.002 
0.001 
0.001 
0.001 
0.001 
0.002 
0.001 
0.001 
0.001 
0.001 
0.001 
0.001 
0.001 
0.001 
1.72 s

0.002 
0.002 
0.001 
0.001 
0.001 
0.003 
0.001 
0.001 
0.001 
0.001 
0.001 
0.001 
0.001 
0.003 
1.44 s

0.003 
0.001 
0.001 
0.001 
0.002 
0.001 
0.003 
0.001 
0.001 
0.001 
0.001 
0.001 
0.001 
1.435 s

0.002 
0.002 
0.001 
0.001 
0.001 
0.001 
0.002 
0.001 
0.001 
0.001 
0.001 
0.001 
0.001 
0.001 
0.001 
1.493 s

0.003 
0.002 
0.001 
0.002 
0.001 
0.002 
0.002 
0.001 
0.001 
0.002 
0.001 
0.001 
1.539 s

0.002 
0.002 
0.002 
0.001 
0.001 
0.001 
0.002 
0.001 
0.001 
0.001 
0.001 
0.001 
0.001 
1.709 s

0.003 
0.001 
0.001 
0.001 
0.001 
0.004 
0.001 
0.001 
0.001 
0.001 
0.001 
0.002 
0.001 
1.583 s

0.002 
0.002 
0.001 
0.002 
0.001 
0.001 
0.003 
0.001 
0.002 
0.001 
0.001 
0.001 
0.002 
0.001 
1.624 s

0.002 
0.002 
0.001 
0.001 
0.001 
0.001 
0.002 
0.001 
0.001 
0.001 
0.001 
0.001 
0.001 
1.544 s

0.002 
0.002 
0.001 
0.001 
0.001 
0.001 
0.003 
0.001 
0.002 
0.003 
0.001 
0.001 
0.001 
0.001 
0.001 
1.494 s

0.003 
0.002 
0.001 
0.001 
0.001 
0.002 
0.001 
0.001 
0.001 
0.001 
0.001 
0.001 
0.001 
0.001 
1.489 s

0.002 
0.002 
0.001 
0.001 
0.001 
0.003 
0.002 
0.001 
0.001 
0.001 
0.001 
0.001 
1.494 s

0.003 
0.001 
0.001 
0.001 
0.001 
0.002 
0.003 
0.003 
0.001 
0.002 
0.001 
0.001 
0.001 
0.001 
0.001 
1.502 s

0.003 
0.002 
0.001 
0.001 
0.001 
0.001 
0.002 
0.001 
0.001 
0.001 
0.001 
0.001 
0.004 
0.001 
1.492 s

0.003 
0.001 
0.001 
0.001 
0.001 
0.001 
0.002 
0.001 
0.001 
0.001 
0.001 
0.001 
0.001 
1.524 s

0.004 
0.002 
0.001 
0.004 
0.002 
0.001 
0.002 
0.001 
0.001 
0.001 
0.001 
0.001 
0.001 
0.001 
0.001 
1.502 s

0.002 
0.001 
0.001 
0.001 
0.001 
0.001 
0.002 
0.001 
0.001 
0.001 
0.001 
0.001 
0.001 
0.001 
1.507 s

0.003 
0.002 
0.002 
0.001 
0.001 
0.003 
0.001 
0.004 
0.001 
0.002 
0.001 
0.001 
1.49 s

0.002 
0.002 
0.001 
0.001 
0.001 
0.001 
0.003 
0.001 
0.001 
0.001 
0.001 
0.002 
0.001 
0.003 
0.001 
1.499 s

0.002 
0.002 
0.001 
0.001 
0.001 
0.001 
0.002 
0.001 
0.001 
0.001 
0.001 
0.001 
0.001 
1.488 s

0.002 
0.002 
0.001 
0.001 
0.001 
0.005 
0.003 
0.001 
0.001 
0.002 
0.001 
0.001 
0.001 
0.001 
1.499 s

0.002 
0.002 
0.001 
0.001 
0.001 
0.001 
0.003 
0.001 
0.001 
0.001 
0.001 
0.001 
0.001 
0.001 
1.521 s

0.003 
0.001 
0.001 
0.001 
0.001 
0.001 
0.002 
0.001 
0.001 
0.001 
0.002 
0.002 
0.002 
0.001 
0.001 
2.126 s

0.003 
0.002 
0.001 
0.001 
0.001 
0.003 
0.001 
0.001 
0.001 
0.001 
0.001 
0.001 
0.001 
0.001 
1.601 s

0.003 
0.002 
0.001 
0.002 
0.001 
0.001 
0.003 
0.001 
0.001 
0.001 
0.002 
0.001 
0.002 
0.001 
1.594 s

0.003 
0.002 
0.001 
0.001 
0.001 
0.002 
0.001 
0.001 
0.001 
0.001 
0.001 
0.001 
0.001 
1.859 s

0.003 
0.002 
0.001 
0.001 
0.002 
0.001 
0.003 
0.001 
0.002 
0.001 
0.001 
0.001 
1.896 s

0.003 
0.002 
0.001 
0.001 
0.001 
0.001 
0.003 
0.001 
0.001 
0.001 
0.001 
0.002 
0.002 
0.001 
0.001 
1.661 s

0.003 
0.002 
0.001 
0.001 
0.001 
0.002 
0.001 
0.001 
0.001 
0.001 
0.001 
1.688 s

0.003 
0.002 
0.001 
0.001 
0.001 
0.001 
0.003 
0.001 
0.001 
0.001 
0.003 
0.001 
0.001 
1.84 s

0.003 
0.003 
0.001 
0.001 
0.001 
0.001 
0.002 
0.002 
0.001 
0.002 
0.001 
0.002 
0.001 
0.001 
0.001 
1.84 s

0.002 
0.002 
0.001 
0.001 
0.001 
0.001 
0.003 
0.001 
0.001 
0.001 
0.002 
0.001 
0.001 
1.599 s

0.002 
0.002 
0.001 
0.001 
0.001 
0.002 
0.001 
0.001 
0.001 
0.001 
0.001 
0.001 
0.001 
1.74 s

0.002 
0.002 
0.001 
0.001 
0.001 
0.001 
0.002 
0.001 
0.001 
0.001 
0.001 
0.001 
0.001 
0.001 
1.549 s

0.003 
0.002 
0.001 
0.002 
0.001 
0.001 
0.002 
0.001 
0.001 
0.001 
0.001 
0.001 
0.001 
1.557 s

0.003 
0.001 
0.001 
0.001 
0.001 
0.002 
0.001 
0.001 
0.001 
0.002 
0.001 
0.001 
0.001 
2.075 s

0.002 
0.002 
0.001 
0.001 
0.001 
0.001 
0.002 
0.001 
0.001 
0.001 
0.001 
0.001 
0.003 
0.001 
1.764 s

0.002 
0.002 
0.001 
0.001 
0.001 
0.001 
0.002 
0.001 
0.001 
0.001 
0.001 
1.514 s

0.003 
0.002 
0.001 
0.001 
0.001 
0.002 
0.001 
0.001 
0.001 
0.001 
0.001 
1.433 s

0.002 
0.002 
0.001 
0.001 
0.001 
0.002 
0.001 
0.001 
0.001 
0.001 
0.002 
0.004 
0.001 
0.001 
1.475 s

0.002 
0.002 
0.001 
0.001 
0.001 
0.001 
0.002 
0.001 
0.001 
0.001 
0.001 
1.435 s

0.003 
0.002 
0.001 
0.002 
0.001 
0.001 
0.002 
0.001 
0.001 
0.001 
0.001 
0.001 
0.001 
0.001 
0.001 
1.416 s

0.003 
0.001 
0.001 
0.001 
0.004 
0.001 
0.003 
0.001 
0.001 
0.001 
0.001 
0.002 
0.002 
0.001 
1.559 s

 