0.009
0.004
0.004
0.004
0.004
0.003
0.003
0.002
2.75 s

0.009
0.004
0.003
0.005
0.005
0.004
0.003
0.003
2.863 s

0.009
0.004
0.004
0.003
0.005
0.004
0.003
0.004
2.954 s

0.010
0.004
0.004
0.004
0.006
0.003
0.004
0.002
3.048 s

0.007
0.003
0.004
0.004
0.005
0.003
0.003
0.004
2.332 s

0.007
0.003
0.003
0.005
0.004
0.003
0.004
0.004
2.394 s

0.008
0.004
0.004
0.005
0.010
0.003
0.004
0.003
2.673 s

0.008
0.004
0.003
0.003
0.003
0.005
0.003
0.006
2.634 s

0.009
0.004
0.006
0.004
0.004
0.003
0.004
0.004
2.641 s

0.008
0.004
0.005
0.004
0.005
0.003
0.003
0.003
2.588 s

0.008
0.004
0.006
0.004
0.004
0.004
0.003
0.004
2.602 s

0.008
0.004
0.028
0.020
0.005
0.005
0.003
0.007
2.71 s

0.009
0.004
0.005
0.004
0.005
0.003
0.005
0.003
2.614 s

0.008
0.004
0.006
0.003
0.005
0.004
0.013
0.006
2.651 s

0.010
0.004
0.011
0.005
0.005
0.003
0.006
0.003
2.642 s

0.008
0.004
0.007
0.003
0.004
0.003
0.003
0.004
2.606 s

0.009
0.005
0.003
0.004
0.005
0.004
0.004
0.004
2.593 s

0.008
0.004
0.009
0.004
0.004
0.003
0.004
0.003
2.621 s

0.008
0.004
0.004
0.004
0.004
0.004
0.005
0.004
2.665 s

0.009
0.005
0.006
0.005
0.005
0.003
0.003
0.004
2.657 s

0.008
0.004
0.005
0.006
0.004
0.004
0.003
0.003
2.61 s

0.008
0.003
0.004
0.005
0.005
0.003
0.003
0.004
2.625 s

0.008
0.003
0.004
0.003
0.004
0.003
0.005
0.004
2.595 s

0.007
0.004
0.005
0.004
0.004
0.003
0.003
0.004
2.618 s

0.008
0.004
0.005
0.006
0.004
0.003
0.003
0.004
2.623 s

0.009
0.004
0.005
0.005
0.006
0.003
0.003
0.003
2.588 s

0.008
0.004
0.004
0.004
0.005
0.004
0.003
0.003
2.604 s

0.008
0.004
0.004
0.004
0.005
0.004
0.006
0.003
2.587 s

0.008
0.003
0.004
0.005
0.004
0.003
0.005
0.002
2.593 s

0.009
0.004
0.004
0.004
0.005
0.003
0.004
0.004
2.615 s

0.008
0.004
0.004
0.005
0.004
0.002
0.004
0.003
2.636 s

0.008
0.003
0.004
0.005
0.004
0.003
0.003
0.005
2.591 s

0.008
0.004
0.004
0.005
0.004
0.004
0.005
0.003
2.6 s

0.008
0.003
0.005
0.007
0.005
0.004
0.004
0.003
2.574 s

0.008
0.004
0.004
0.004
0.006
0.003
0.003
0.003
2.601 s

0.009
0.004
0.006
0.035
0.005
0.003
0.003
0.005
2.642 s

0.008
0.004
0.004
0.005
0.004
0.005
0.003
0.003
2.661 s

0.008
0.003
0.004
0.004
0.008
0.004
0.007
0.003
2.63 s

0.008
0.004
0.004
0.004
0.006
0.003
0.004
0.003
2.586 s

0.010
0.004
0.004
0.005
0.004
0.003
0.004
0.004
2.678 s

0.008
0.003
0.005
0.005
0.004
0.003
0.006
0.003
2.643 s

0.008
0.004
0.006
0.004
0.005
0.003
0.004
0.003
2.652 s

0.009
0.004
0.004
0.005
0.003
0.004
0.003
0.003
2.637 s

0.008
0.004
0.006
0.004
0.005
0.004
0.004
0.003
2.621 s

0.008
0.004
0.004
0.005
0.004
0.003
0.003
0.005
2.611 s

0.009
0.003
0.006
0.005
0.004
0.004
0.004
0.003
2.702 s

0.008
0.004
0.005
0.003
0.004
0.004
0.003
0.006
2.715 s

0.009
0.005
0.009
0.004
0.004
0.004
0.003
0.004
2.721 s

0.008
0.004
0.005
0.004
0.005
0.004
0.005
0.004
2.753 s

0.008
0.003
0.003
0.004
0.004
0.004
0.003
0.006
2.607 s

 