Dom Creation 
0.06
0.057
0.053
0.049
0.046
0.054
0.043
0.046
0.062
0.054
0.05
0.056
0.06
0.059
0.058
0.055
0.048
0.049
0.058
0.053
0.046
0.052
0.06
0.053
0.054
0.057
0.059
0.058
0.062
0.05
0.053
0.052
0.056
0.059
0.035
0.042
0.062
0.062
0.05
0.061
0.051
0.047
0.057
0.062
0.053
0.06
0.055
0.047
0.059
0.051
+++ 
Dom Deletion 
0.046
0.034
0.042
0.024
0.034
0.042
0.045
0.04
0.024
0.042
0.033
0.037
0.043
0.035
0.037
0.041
0.038
0.024
0.041
0.035
0.036
0.035
0.037
0.032
0.041
0.043
0.04
0.034
0.045
0.031
0.042
0.034
0.028
0.033
0.027
0.021
0.046
0.043
0.034
0.039
0.041
0.021
0.04
0.044
0.025
0.032
0.022
0.032
0.033
0.046
+++  
Dom Interaction 
0.353
0.331
0.376
0.343
0.356
0.343
0.345
0.316
0.321
0.337
0.331
0.334
0.339
0.36
0.355
0.332
0.36
0.325
0.336
0.333
0.318
0.34
0.331
0.322
0.337
0.322
0.325
0.321
0.34
0.318
0.383
0.337
0.361
0.345
0.36
0.355
0.337
0.334
0.357
0.33
0.319
0.326
0.337
0.336
0.353
0.335
0.331
0.349
0.342
0.34
+++  
Dom 
0.151
0.165
0.18
0.178
0.154
0.169
0.153
0.164
0.177
0.175
0.177
0.176
0.176
0.158
0.18
0.162
0.156
0.16
0.182
0.16
0.161
0.171
0.166
0.167
0.142
0.172
0.169
0.167
0.174
0.176
0.172
0.154
0.179
0.155
0.183
0.162
0.182
0.167
0.181
0.157
0.162
0.162
0.179
0.179
0.154
0.179
0.165
0.167
0.162
0.171
+++  
Mocks 
0.188
0.123
0.154
0.119
0.147
0.138
0.117
0.114
0.122
0.127
0.119
0.119
0.143
0.139
0.148
0.136
0.12
0.124
0.14
0.125
0.14
0.115
0.144
0.118
0.113
0.141
0.147
0.117
0.142
0.136
0.116
0.14
0.121
0.118
0.114
0.144
0.11
0.114
0.12
0.137
0.139
0.117
0.138
0.136
0.152
0.139
0.114
0.142
0.114
0.126
+++ 
REST 
0.085
0.097
0.102
0.092
0.098
0.087
0.088
0.098
0.089
0.081
0.088
0.077
0.097
0.093
0.091
0.095
0.097
0.088
0.094
0.096
0.095
0.095
0.086
0.099
0.096
0.091
0.113
0.086
0.117
0.1
0.093
0.096
0.087
0.073
0.075
0.083
0.075
0.083
0.089
0.088
0.086
0.089
0.083
0.087
0.092
0.084
0.085
0.089
0.079
0.089
+++ 
Spies 
0.076
0.08
0.043
0.07
0.079
0.08
0.052
0.043
0.083
0.071
0.086
0.075
0.055
0.07
0.081
0.079
0.074
0.059
0.078
0.058
0.053
0.051
0.053
0.082
0.068
0.062
0.039
0.034
0.081
0.078
0.099
0.073
0.071
0.037
0.08
0.058
0.068
0.068
0.072
0.082
0.027
0.04
0.044
0.067
0.042
0.063
0.081
0.045
0.066
0.056
+++ 
Unit 
0.335
0.323
0.322
0.325
0.336
0.332
0.322
0.331
0.362
0.334
0.327
0.328
0.334
0.321
0.329
0.324
0.333
0.312
0.332
0.315
0.323
0.342
0.328
0.327
0.328
0.32
0.321
0.324
0.334
0.333
0.332
0.333
0.336
0.331
0.331
0.336
0.335
0.331
0.334
0.322
0.341
0.339
0.336
0.335
0.325
0.328
0.335
0.338
0.326
0.344
