0.045
0.002
0.027
0.008
0.004
0.007
0.007
0.003
0.005
0.004
0.004
0.004
0.004
0.070
0.010
0.011
0.009
0.007
0.007
0.006
0.014
0.007
0.005
0.007
0.002
0.002
0.001
0.001
0.001
0.001
0.002
0.001
0.001
0.001
0.001
0.001
0.001
0.007
0.003
0.002
0.002
0.002
0.004
0.003
0.005
0.001
0.002
0.002
0.009
0.002
0.001
0.001
0.002
0.001
0.001
0.001
0.001
0.001
0.002
0.002
0.001
0.002
0.001
0.001
0.010
0.004
0.005
0.004
0.004
0.007
0.003
0.008
0.053
0.013
0.010
0.009
0.024
0.002
0.002
0.003
0.002
0.003
0.003
0.002
0.002
0.002
0.003
0.002
0.003
0.002
0.002
0.002
0.005
0.005
0.005
0.005
0.014
0.004
0.002
0.003
0.002
0.013
0.003
0.002
0.002
0.003
0.003
0.003
0.003
0.003
0.010
0.011
0.003
0.004
0.006
0.014
0.019
0.063
0.119
0.119
0.001
0.001
0.001
0.001
0.004
0.003
0.002
0.002
0.003
0.004
6.387 s

0.027
0.002
0.029
0.006
0.003
0.003
0.014
0.003
0.003
0.004
0.003
0.003
0.005
0.047
0.009
0.007
0.007
0.006
0.007
0.005
0.007
0.007
0.006
0.007
0.002
0.002
0.001
0.001
0.001
0.003
0.001
0.001
0.001
0.001
0.001
0.012
0.007
0.004
0.004
0.007
0.005
0.003
0.003
0.005
0.004
0.002
0.003
0.002
0.003
0.003
0.002
0.002
0.001
0.002
0.005
0.001
0.001
0.002
0.003
0.001
0.002
0.002
0.001
0.002
0.002
0.002
0.001
0.002
0.001
0.003
0.063
0.014
0.010
0.015
0.037
0.006
0.004
0.007
0.009
0.005
0.003
0.006
0.003
0.002
0.004
0.004
0.002
0.003
0.002
0.003
0.007
0.007
0.005
0.005
0.014
0.004
0.002
0.006
0.004
0.012
0.003
0.003
0.003
0.002
0.003
0.004
0.003
0.003
0.012
0.018
0.005
0.007
0.003
0.014
0.013
0.064
0.114
0.116
0.001
0.001
0.001
0.001
0.001
0.001
0.001
0.005
0.002
0.002
0.003
0.002
0.005
7.015 s

0.023
0.002
0.027
0.005
0.004
0.004
0.006
0.004
0.003
0.004
0.004
0.003
0.002
0.068
0.008
0.007
0.006
0.006
0.005
0.008
0.009
0.018
0.009
0.007
0.003
0.002
0.001
0.001
0.001
0.001
0.002
0.001
0.001
0.001
0.001
0.001
0.001
0.001
0.005
0.001
0.003
0.002
0.001
0.002
0.004
0.002
0.002
0.002
0.002
0.004
0.002
0.002
0.001
0.002
0.004
0.001
0.001
0.001
0.002
0.002
0.001
0.002
0.001
0.007
0.002
0.010
0.006
0.004
0.005
0.006
0.003
0.003
0.005
0.076
0.132
0.117
0.001
0.001
0.002
0.001
0.048
0.014
0.010
0.010
0.022
0.004
0.003
0.003
0.002
0.003
0.003
0.003
0.002
0.002
0.002
0.002
0.002
0.003
0.002
0.002
0.005
0.005
0.004
0.004
0.013
0.004
0.004
0.003
0.003
0.013
0.003
0.002
0.003
0.004
0.002
0.003
0.004
0.002
0.010
0.011
0.003
0.004
0.003
0.013
0.013
0.004
0.003
0.002
0.003
0.003
0.005
5.09 s

0.040
0.002
0.023
0.016
0.004
0.003
0.007
0.003
0.003
0.006
0.004
0.004
0.003
0.139
0.026
0.009
0.014
0.008
0.047
0.006
0.006
0.010
0.009
0.006
0.003
0.002
0.001
0.001
0.002
0.001
0.002
0.001
0.001
0.002
0.001
0.001
0.001
0.002
0.001
0.007
0.002
0.002
0.002
0.006
0.005
0.003
0.005
0.004
0.002
0.017
0.005
0.002
0.002
0.002
0.001
0.003
0.005
0.002
0.001
0.002
0.002
0.002
0.001
0.001
0.002
0.001
0.010
0.009
0.006
0.004
0.004
0.003
0.003
0.002
0.063
0.116
0.172
0.001
0.001
0.001
0.002
0.001
0.001
0.048
0.018
0.011
0.009
0.021
0.003
0.003
0.002
0.004
0.002
0.002
0.003
0.002
0.002
0.002
0.002
0.003
0.002
0.003
0.002
0.006
0.012
0.004
0.004
0.016
0.003
0.002
0.003
0.003
0.017
0.003
0.003
0.006
0.005
0.005
0.007
0.006
0.015
0.024
0.020
0.004
0.004
0.003
0.013
0.013
0.005
0.003
0.002
0.003
0.003
0.005
5.797 s

0.024
0.002
0.027
0.009
0.005
0.004
0.012
0.003
0.004
0.005
0.006
0.004
0.003
0.059
0.013
0.010
0.011
0.016
0.007
0.006
0.008
0.013
0.012
0.009
0.003
0.002
0.001
0.001
0.001
0.003
0.001
0.001
0.007
0.002
0.008
0.002
0.001
0.001
0.008
0.002
0.004
0.003
0.002
0.007
0.005
0.003
0.001
0.005
0.001
0.003
0.008
0.002
0.002
0.001
0.002
0.001
0.002
0.001
0.002
0.007
0.001
0.006
0.009
0.002
0.002
0.011
0.004
0.004
0.004
0.005
0.004
0.006
0.004
0.077
0.015
0.013
0.013
0.033
0.010
0.009
0.006
0.005
0.004
0.004
0.006
0.007
0.003
0.003
0.003
0.002
0.002
0.003
0.002
0.006
0.004
0.005
0.004
0.015
0.003
0.003
0.003
0.007
0.013
0.003
0.004
0.003
0.003
0.004
0.004
0.003
0.003
0.011
0.010
0.003
0.004
0.003
0.013
0.018
0.070
0.123
0.119
0.001
0.001
0.001
0.001
0.001
0.004
0.003
0.002
0.003
0.002
0.005
6.7 s

0.019
0.002
0.019
0.025
0.005
0.003
0.007
0.003
0.006
0.004
0.003
0.004
0.003
0.054
0.011
0.010
0.007
0.018
0.011
0.011
0.008
0.006
0.005
0.005
0.007
0.002
0.001
0.001
0.001
0.002
0.002
0.001
0.002
0.001
0.001
0.002
0.001
0.001
0.005
0.003
0.001
0.001
0.002
0.002
0.002
0.004
0.002
0.002
0.002
0.001
0.002
0.001
0.005
0.001
0.001
0.002
0.001
0.001
0.001
0.002
0.001
0.001
0.001
0.001
0.002
0.017
0.004
0.005
0.006
0.004
0.003
0.006
0.003
0.068
0.113
0.120
0.001
0.001
0.001
0.001
0.001
0.001
0.055
0.013
0.010
0.009
0.023
0.003
0.003
0.003
0.005
0.005
0.003
0.003
0.003
0.003
0.005
0.002
0.003
0.003
0.002
0.003
0.007
0.004
0.005
0.003
0.012
0.003
0.002
0.002
0.003
0.010
0.003
0.003
0.002
0.003
0.003
0.004
0.003
0.004
0.011
0.012
0.004
0.003
0.004
0.011
0.012
0.004
0.002
0.002
0.003
0.002
0.005
4.955 s

0.059
0.002
0.030
0.006
0.012
0.004
0.007
0.003
0.004
0.004
0.003
0.003
0.003
0.063
0.012
0.017
0.010
0.007
0.015
0.008
0.006
0.006
0.005
0.008
0.003
0.001
0.001
0.001
0.001
0.001
0.002
0.001
0.001
0.001
0.001
0.002
0.001
0.001
0.001
0.012
0.003
0.002
0.002
0.002
0.002
0.002
0.004
0.001
0.004
0.002
0.002
0.001
0.002
0.001
0.001
0.001
0.002
0.001
0.002
0.001
0.002
0.001
0.001
0.002
0.001
0.001
0.011
0.004
0.005
0.005
0.021
0.009
0.003
0.004
0.072
0.117
0.121
0.001
0.001
0.001
0.003
0.001
0.001
0.055
0.013
0.009
0.017
0.029
0.005
0.004
0.004
0.004
0.004
0.003
0.003
0.003
0.003
0.003
0.003
0.002
0.003
0.002
0.002
0.005
0.004
0.005
0.003
0.013
0.003
0.002
0.002
0.003
0.011
0.003
0.004
0.004
0.005
0.002
0.003
0.005
0.004
0.012
0.012
0.003
0.004
0.003
0.015
0.012
0.005
0.002
0.002
0.003
0.003
0.004
6.168 s

0.117
0.002
0.041
0.013
0.005
0.005
0.009
0.003
0.004
0.004
0.004
0.004
0.005
0.054
0.009
0.013
0.010
0.007
0.006
0.018
0.006
0.007
0.010
0.007
0.002
0.002
0.001
0.001
0.001
0.002
0.001
0.001
0.001
0.001
0.001
0.001
0.001
0.006
0.001
0.002
0.003
0.001
0.002
0.002
0.006
0.002
0.001
0.002
0.005
0.002
0.003
0.002
0.002
0.002
0.001
0.002
0.006
0.002
0.006
0.001
0.001
0.002
0.001
0.002
0.021
0.006
0.004
0.005
0.005
0.004
0.006
0.006
0.099
0.013
0.012
0.009
0.025
0.003
0.004
0.003
0.002
0.003
0.003
0.004
0.003
0.002
0.005
0.006
0.004
0.002
0.003
0.005
0.013
0.007
0.029
0.030
0.018
0.003
0.015
0.004
0.009
0.042
0.004
0.005
0.007
0.004
0.062
0.004
0.007
0.003
0.014
0.141
0.004
0.004
0.008
0.018
0.020
0.075
0.264
0.362
0.001
0.001
0.001
0.001
0.006
0.001
0.001
0.019
0.008
0.005
0.004
0.004
0.011
6.994 s

0.184
0.003
0.071
0.007
0.004
0.004
0.009
0.004
0.004
0.004
0.004
0.005
0.003
0.111
0.010
0.009
0.011
0.010
0.015
0.009
0.006
0.010
0.024
0.007
0.010
0.002
0.001
0.001
0.001
0.001
0.008
0.001
0.001
0.001
0.001
0.008
0.002
0.001
0.001
0.007
0.003
0.002
0.003
0.002
0.009
0.013
0.003
0.003
0.005
0.002
0.002
0.003
0.006
0.002
0.002
0.002
0.009
0.001
0.002
0.001
0.003
0.002
0.001
0.002
0.002
0.002
0.017
0.004
0.007
0.005
0.005
0.004
0.003
0.003
0.084
0.212
0.173
0.002
0.001
0.001
0.003
0.002
0.001
0.001
0.079
0.033
0.018
0.021
0.066
0.007
0.006
0.006
0.006
0.016
0.004
0.024
0.004
0.007
0.006
0.004
0.006
0.006
0.006
0.005
0.006
0.006
0.005
0.005
0.020
0.005
0.003
0.005
0.007
0.025
0.007
0.004
0.008
0.006
0.004
0.006
0.005
0.007
0.022
0.025
0.007
0.006
0.012
0.040
0.021
0.006
0.003
0.003
0.004
0.007
0.010
8.917 s

0.075
0.009
0.008
0.025
0.008
0.006
0.007
0.006
0.007
0.006
0.006
0.119
0.002
0.029
0.007
0.004
0.005
0.007
0.004
0.003
0.004
0.004
0.004
0.003
0.002
0.002
0.001
0.001
0.001
0.001
0.006
0.001
0.001
0.001
0.001
0.001
0.001
0.001
0.004
0.007
0.002
0.004
0.002
0.002
0.016
0.002
0.016
0.001
0.003
0.002
0.001
0.001
0.002
0.002
0.001
0.002
0.001
0.001
0.001
0.001
0.002
0.002
0.002
0.002
0.012
0.001
0.021
0.006
0.006
0.008
0.006
0.006
0.003
0.004
0.067
0.124
0.133
0.001
0.001
0.001
0.002
0.001
0.001
0.054
0.014
0.011
0.011
0.027
0.005
0.004
0.003
0.003
0.004
0.003
0.003
0.003
0.003
0.003
0.002
0.003
0.006
0.004
0.003
0.007
0.009
0.007
0.004
0.015
0.003
0.003
0.003
0.003
0.012
0.003
0.002
0.003
0.003
0.003
0.004
0.003
0.004
0.020
0.024
0.005
0.003
0.004
0.018
0.019
0.005
0.003
0.003
0.003
0.002
0.005
6.994 s

0.045
0.001
0.036
0.007
0.004
0.004
0.006
0.006
0.004
0.004
0.004
0.004
0.005
0.063
0.021
0.015
0.019
0.006
0.011
0.007
0.044
0.022
0.006
0.033
0.006
0.003
0.002
0.001
0.001
0.001
0.003
0.001
0.001
0.004
0.001
0.006
0.001
0.001
0.001
0.005
0.026
0.001
0.004
0.002
0.004
0.002
0.002
0.004
0.002
0.004
0.002
0.001
0.002
0.002
0.002
0.001
0.001
0.001
0.001
0.002
0.002
0.001
0.001
0.002
0.001
0.002
0.009
0.007
0.003
0.005
0.004
0.003
0.004
0.003
0.062
0.115
0.115
0.001
0.001
0.001
0.001
0.001
0.047
0.013
0.014
0.015
0.026
0.003
0.003
0.003
0.002
0.003
0.003
0.003
0.003
0.002
0.002
0.003
0.003
0.003
0.002
0.002
0.004
0.004
0.005
0.004
0.015
0.003
0.003
0.005
0.002
0.012
0.003
0.003
0.002
0.003
0.003
0.004
0.003
0.003
0.011
0.011
0.004
0.003
0.004
0.015
0.014
0.007
0.004
0.002
0.003
0.003
0.005
5.791 s

0.034
0.002
0.017
0.010
0.004
0.005
0.008
0.003
0.003
0.004
0.004
0.004
0.003
0.067
0.010
0.013
0.006
0.014
0.026
0.010
0.006
0.013
0.005
0.006
0.003
0.002
0.001
0.001
0.001
0.001
0.002
0.001
0.002
0.001
0.001
0.001
0.005
0.002
0.002
0.002
0.001
0.002
0.001
0.002
0.002
0.001
0.001
0.002
0.003
0.002
0.001
0.001
0.001
0.002
0.001
0.006
0.001
0.001
0.002
0.001
0.001
0.002
0.003
0.014
0.005
0.010
0.009
0.005
0.004
0.004
0.003
0.063
0.115
0.115
0.001
0.001
0.001
0.001
0.001
0.051
0.012
0.011
0.009
0.023
0.003
0.003
0.002
0.003
0.003
0.006
0.003
0.002
0.002
0.003
0.002
0.003
0.002
0.002
0.001
0.004
0.003
0.003
0.003
0.012
0.002
0.002
0.003
0.002
0.011
0.003
0.002
0.003
0.003
0.002
0.004
0.005
0.004
0.017
0.011
0.003
0.003
0.003
0.011
0.012
0.005
0.002
0.002
0.002
0.003
0.005
5.279 s

0.035
0.003
0.046
0.007
0.008
0.005
0.008
0.003
0.003
0.005
0.004
0.004
0.003
0.066
0.008
0.007
0.007
0.022
0.005
0.008
0.006
0.015
0.008
0.010
0.003
0.002
0.001
0.001
0.001
0.001
0.002
0.001
0.001
0.001
0.001
0.001
0.001
0.001
0.001
0.007
0.003
0.003
0.003
0.002
0.007
0.002
0.004
0.002
0.002
0.027
0.011
0.002
0.001
0.001
0.001
0.001
0.004
0.001
0.001
0.004
0.003
0.001
0.002
0.001
0.001
0.005
0.008
0.003
0.003
0.004
0.005
0.003
0.002
0.003
0.062
0.115
0.117
0.001
0.001
0.001
0.001
0.001
0.047
0.014
0.009
0.009
0.023
0.003
0.005
0.003
0.002
0.005
0.004
0.005
0.003
0.003
0.002
0.002
0.002
0.002
0.003
0.002
0.004
0.004
0.003
0.004
0.012
0.003
0.002
0.003
0.003
0.011
0.003
0.003
0.002
0.005
0.003
0.004
0.003
0.002
0.012
0.017
0.005
0.005
0.003
0.013
0.013
0.004
0.002
0.002
0.003
0.002
0.005
5.066 s

0.038
0.002
0.050
0.004
0.004
0.004
0.008
0.003
0.003
0.006
0.003
0.004
0.003
0.061
0.008
0.008
0.008
0.006
0.005
0.006
0.005
0.018
0.030
0.006
0.002
0.002
0.001
0.001
0.001
0.001
0.002
0.001
0.001
0.001
0.001
0.001
0.001
0.004
0.004
0.002
0.002
0.002
0.002
0.002
0.003
0.001
0.001
0.002
0.001
0.002
0.002
0.001
0.001
0.001
0.002
0.003
0.005
0.001
0.002
0.003
0.001
0.002
0.004
0.002
0.021
0.007
0.008
0.005
0.004
0.003
0.003
0.003
0.065
0.116
0.119
0.001
0.001
0.001
0.001
0.001
0.001
0.046
0.012
0.010
0.008
0.024
0.003
0.003
0.003
0.002
0.004
0.003
0.002
0.002
0.002
0.002
0.002
0.002
0.003
0.002
0.002
0.005
0.005
0.004
0.004
0.016
0.011
0.022
0.003
0.002
0.013
0.003
0.003
0.003
0.004
0.003
0.004
0.004
0.004
0.013
0.014
0.004
0.003
0.004
0.012
0.012
0.004
0.002
0.002
0.002
0.003
0.004
4.94 s

0.040
0.001
0.018
0.012
0.004
0.004
0.010
0.003
0.004
0.007
0.004
0.004
0.003
0.057
0.008
0.007
0.007
0.015
0.005
0.026
0.008
0.023
0.008
0.005
0.002
0.001
0.001
0.001
0.001
0.001
0.002
0.001
0.002
0.001
0.001
0.001
0.001
0.001
0.008
0.005
0.002
0.002
0.002
0.007
0.004
0.002
0.002
0.002
0.002
0.002
0.001
0.002
0.001
0.001
0.010
0.001
0.001
0.001
0.001
0.002
0.001
0.001
0.001
0.002
0.001
0.009
0.004
0.003
0.009
0.007
0.003
0.003
0.007
0.046
0.012
0.010
0.009
0.026
0.003
0.002
0.003
0.004
0.003
0.003
0.003
0.002
0.002
0.002
0.002
0.002
0.002
0.002
0.003
0.005
0.004
0.006
0.006
0.016
0.003
0.002
0.003
0.003
0.011
0.003
0.002
0.003
0.003
0.003
0.004
0.003
0.003
0.010
0.011
0.005
0.006
0.004
0.013
0.014
0.061
0.117
0.118
0.001
0.001
0.001
0.001
0.001
0.001
0.004
0.002
0.002
0.002
0.003
0.004
5.081 s

0.043
0.002
0.030
0.006
0.004
0.004
0.009
0.003
0.003
0.004
0.004
0.004
0.004
0.054
0.009
0.011
0.029
0.012
0.005
0.006
0.006
0.012
0.005
0.005
0.003
0.002
0.001
0.001
0.001
0.001
0.002
0.001
0.001
0.001
0.002
0.005
0.001
0.002
0.002
0.002
0.002
0.002
0.002
0.001
0.001
0.002
0.003
0.001
0.002
0.001
0.001
0.001
0.001
0.001
0.001
0.002
0.001
0.002
0.001
0.002
0.001
0.001
0.008
0.004
0.004
0.009
0.005
0.010
0.004
0.005
0.064
0.117
0.151
0.001
0.001
0.002
0.001
0.001
0.001
0.002
0.044
0.015
0.010
0.013
0.022
0.002
0.003
0.003
0.003
0.002
0.002
0.003
0.002
0.002
0.004
0.002
0.002
0.002
0.002
0.002
0.004
0.004
0.004
0.004
0.021
0.003
0.002
0.003
0.006
0.012
0.004
0.004
0.009
0.004
0.004
0.020
0.005
0.004
0.014
0.014
0.003
0.004
0.004
0.011
0.012
0.005
0.003
0.002
0.003
0.002
0.005
4.936 s

0.049
0.001
0.022
0.006
0.004
0.004
0.008
0.003
0.003
0.004
0.003
0.004
0.003
0.060
0.011
0.007
0.008
0.006
0.006
0.013
0.005
0.010
0.004
0.005
0.002
0.002
0.001
0.001
0.001
0.001
0.001
0.002
0.001
0.001
0.001
0.001
0.009
0.004
0.003
0.006
0.004
0.003
0.003
0.002
0.004
0.002
0.002
0.002
0.001
0.002
0.001
0.005
0.002
0.001
0.002
0.002
0.001
0.002
0.001
0.001
0.001
0.004
0.005
0.001
0.002
0.001
0.001
0.001
0.001
0.002
0.001
0.063
0.114
0.120
0.001
0.001
0.001
0.001
0.001
0.001
0.046
0.012
0.017
0.010
0.026
0.003
0.002
0.003
0.002
0.002
0.002
0.002
0.003
0.002
0.003
0.002
0.003
0.002
0.002
0.001
0.004
0.003
0.004
0.005
0.015
0.004
0.002
0.004
0.004
0.013
0.002
0.003
0.003
0.003
0.003
0.004
0.003
0.003
0.012
0.012
0.003
0.003
0.004
0.014
0.044
0.004
0.003
0.002
0.002
0.002
0.005
4.915 s

0.026
0.003
0.040
0.005
0.004
0.004
0.007
0.003
0.003
0.004
0.004
0.004
0.003
0.059
0.010
0.010
0.008
0.007
0.006
0.005
0.006
0.006
0.005
0.007
0.002
0.002
0.001
0.001
0.001
0.001
0.002
0.001
0.001
0.001
0.001
0.001
0.001
0.001
0.005
0.004
0.010
0.003
0.001
0.002
0.002
0.004
0.001
0.002
0.002
0.004
0.001
0.002
0.001
0.004
0.001
0.001
0.001
0.001
0.005
0.002
0.001
0.001
0.001
0.001
0.001
0.009
0.004
0.004
0.003
0.004
0.003
0.004
0.005
0.066
0.119
0.126
0.001
0.002
0.001
0.001
0.001
0.048
0.012
0.009
0.010
0.029
0.003
0.003
0.003
0.003
0.003
0.003
0.002
0.002
0.002
0.003
0.002
0.002
0.002
0.002
0.002
0.006
0.004
0.003
0.004
0.011
0.003
0.002
0.002
0.004
0.013
0.003
0.004
0.002
0.004
0.002
0.003
0.003
0.003
0.011
0.010
0.003
0.003
0.004
0.012
0.012
0.004
0.002
0.002
0.003
0.003
0.007
4.859 s

0.052
0.002
0.042
0.005
0.003
0.003
0.006
0.003
0.003
0.003
0.003
0.004
0.003
0.080
0.018
0.010
0.031
0.017
0.014
0.005
0.005
0.005
0.005
0.005
0.002
0.002
0.001
0.001
0.001
0.001
0.002
0.001
0.001
0.001
0.001
0.001
0.001
0.001
0.006
0.003
0.004
0.002
0.001
0.002
0.001
0.004
0.002
0.001
0.002
0.002
0.001
0.001
0.002
0.001
0.002
0.001
0.001
0.002
0.001
0.002
0.001
0.001
0.001
0.002
0.001
0.009
0.004
0.006
0.003
0.005
0.005
0.003
0.003
0.066
0.117
0.128
0.001
0.001
0.001
0.001
0.001
0.001
0.047
0.017
0.010
0.008
0.023
0.003
0.003
0.002
0.002
0.003
0.003
0.002
0.002
0.002
0.002
0.004
0.002
0.002
0.002
0.002
0.005
0.004
0.004
0.004
0.016
0.003
0.003
0.003
0.003
0.012
0.003
0.002
0.003
0.002
0.003
0.003
0.003
0.003
0.010
0.012
0.004
0.003
0.004
0.015
0.014
0.004
0.002
0.002
0.002
0.003
0.005
5.092 s

0.018
0.002
0.044
0.016
0.019
0.003
0.008
0.004
0.042
0.005
0.005
0.004
0.008
0.051
0.009
0.006
0.006
0.006
0.005
0.005
0.005
0.007
0.005
0.005
0.003
0.002
0.001
0.001
0.001
0.001
0.002
0.001
0.001
0.001
0.001
0.001
0.001
0.009
0.002
0.002
0.002
0.002
0.002
0.004
0.002
0.002
0.001
0.001
0.003
0.002
0.001
0.001
0.001
0.001
0.001
0.002
0.001
0.002
0.002
0.001
0.003
0.002
0.002
0.001
0.010
0.004
0.005
0.006
0.008
0.003
0.004
0.004
0.069
0.117
0.114
0.001
0.001
0.002
0.001
0.001
0.056
0.012
0.010
0.009
0.025
0.003
0.003
0.003
0.005
0.004
0.003
0.003
0.003
0.002
0.002
0.003
0.002
0.003
0.008
0.003
0.005
0.005
0.004
0.005
0.014
0.002
0.003
0.002
0.002
0.011
0.008
0.004
0.003
0.004
0.004
0.005
0.004
0.003
0.010
0.010
0.003
0.004
0.004
0.011
0.011
0.004
0.002
0.001
0.002
0.002
0.005
4.854 s

0.026
0.002
0.020
0.023
0.004
0.004
0.009
0.003
0.004
0.004
0.003
0.004
0.003
0.054
0.008
0.008
0.029
0.011
0.009
0.015
0.008
0.006
0.006
0.020
0.003
0.002
0.001
0.001
0.001
0.002
0.001
0.001
0.001
0.005
0.003
0.002
0.001
0.002
0.002
0.001
0.002
0.002
0.002
0.001
0.003
0.001
0.002
0.001
0.001
0.002
0.001
0.001
0.002
0.001
0.002
0.002
0.001
0.001
0.001
0.001
0.010
0.004
0.004
0.003
0.004
0.003
0.003
0.003
0.062
0.118
0.126
0.001
0.001
0.001
0.001
0.001
0.044
0.014
0.011
0.012
0.023
0.003
0.003
0.003
0.002
0.003
0.003
0.005
0.002
0.002
0.002
0.002
0.002
0.002
0.001
0.001
0.005
0.005
0.004
0.004
0.018
0.003
0.003
0.002
0.003
0.012
0.003
0.003
0.003
0.005
0.003
0.004
0.003
0.003
0.012
0.012
0.004
0.006
0.004
0.012
0.015
0.004
0.002
0.002
0.002
0.003
0.004
4.965 s

0.020
0.002
0.018
0.011
0.004
0.004
0.006
0.006
0.003
0.003
0.005
0.004
0.003
0.058
0.008
0.011
0.007
0.007
0.005
0.005
0.006
0.024
0.009
0.007
0.002
0.002
0.001
0.001
0.001
0.001
0.002
0.001
0.001
0.001
0.001
0.001
0.001
0.006
0.002
0.002
0.002
0.002
0.002
0.004
0.002
0.001
0.001
0.002
0.002
0.001
0.002
0.001
0.002
0.001
0.002
0.002
0.001
0.002
0.002
0.002
0.001
0.002
0.001
0.002
0.008
0.008
0.005
0.005
0.005
0.003
0.003
0.003
0.045
0.014
0.009
0.008
0.021
0.002
0.002
0.003
0.004
0.005
0.003
0.003
0.002
0.002
0.002
0.003
0.002
0.002
0.002
0.003
0.005
0.006
0.004
0.003
0.014
0.003
0.003
0.002
0.003
0.011
0.003
0.003
0.002
0.003
0.002
0.004
0.003
0.003
0.010
0.011
0.005
0.006
0.004
0.014
0.021
0.061
0.116
0.155
0.001
0.001
0.001
0.001
0.001
0.004
0.003
0.002
0.002
0.003
0.004
4.943 s

0.028
0.002
0.023
0.006
0.007
0.007
0.006
0.003
0.004
0.004
0.004
0.004
0.003
0.045
0.010
0.007
0.012
0.008
0.008
0.004
0.005
0.006
0.005
0.004
0.002
0.002
0.001
0.001
0.001
0.001
0.003
0.001
0.001
0.001
0.001
0.001
0.001
0.001
0.001
0.005
0.002
0.001
0.001
0.002
0.002
0.007
0.002
0.001
0.001
0.002
0.006
0.002
0.001
0.002
0.003
0.008
0.002
0.002
0.003
0.002
0.002
0.001
0.002
0.004
0.002
0.004
0.008
0.004
0.003
0.003
0.004
0.004
0.004
0.002
0.065
0.126
0.115
0.001
0.003
0.001
0.001
0.001
0.001
0.001
0.059
0.014
0.012
0.010
0.028
0.003
0.002
0.003
0.003
0.003
0.002
0.002
0.002
0.002
0.003
0.002
0.002
0.003
0.003
0.002
0.005
0.004
0.003
0.003
0.014
0.004
0.002
0.002
0.002
0.012
0.003
0.002
0.003
0.003
0.002
0.003
0.002
0.003
0.011
0.010
0.003
0.004
0.003
0.011
0.017
0.005
0.003
0.002
0.002
0.002
0.005
4.886 s

0.045
0.002
0.029
0.005
0.004
0.004
0.008
0.003
0.003
0.004
0.006
0.005
0.007
0.046
0.008
0.007
0.011
0.019
0.007
0.009
0.013
0.016
0.005
0.006
0.002
0.002
0.001
0.001
0.001
0.001
0.003
0.001
0.001
0.001
0.001
0.001
0.001
0.006
0.002
0.003
0.002
0.002
0.002
0.001
0.003
0.002
0.004
0.001
0.002
0.002
0.001
0.002
0.001
0.001
0.001
0.002
0.001
0.001
0.002
0.001
0.001
0.002
0.001
0.002
0.057
0.004
0.004
0.003
0.004
0.003
0.003
0.003
0.062
0.117
0.121
0.001
0.001
0.001
0.001
0.001
0.001
0.044
0.013
0.009
0.009
0.026
0.003
0.002
0.003
0.002
0.002
0.002
0.003
0.003
0.003
0.002
0.006
0.003
0.004
0.004
0.003
0.006
0.004
0.004
0.004
0.012
0.002
0.002
0.002
0.002
0.012
0.003
0.002
0.004
0.003
0.003
0.003
0.004
0.003
0.013
0.015
0.004
0.005
0.003
0.015
0.014
0.005
0.002
0.002
0.003
0.002
0.005
5.032 s

0.018
0.002
0.020
0.006
0.004
0.004
0.006
0.003
0.004
0.005
0.004
0.004
0.003
0.066
0.008
0.006
0.006
0.006
0.005
0.006
0.005
0.008
0.005
0.004
0.002
0.002
0.001
0.001
0.001
0.001
0.002
0.001
0.001
0.001
0.001
0.001
0.001
0.001
0.005
0.002
0.002
0.002
0.002
0.003
0.004
0.002
0.002
0.001
0.002
0.002
0.001
0.002
0.001
0.002
0.001
0.001
0.002
0.001
0.001
0.002
0.002
0.001
0.001
0.001
0.002
0.014
0.007
0.011
0.009
0.004
0.006
0.003
0.003
0.063
0.115
0.116
0.001
0.001
0.001
0.001
0.001
0.001
0.001
0.045
0.018
0.011
0.012
0.026
0.003
0.003
0.002
0.003
0.003
0.003
0.003
0.002
0.002
0.002
0.003
0.002
0.003
0.005
0.003
0.007
0.004
0.004
0.004
0.012
0.003
0.002
0.003
0.002
0.012
0.003
0.003
0.002
0.003
0.003
0.003
0.003
0.003
0.010
0.010
0.004
0.003
0.004
0.013
0.013
0.004
0.003
0.002
0.003
0.002
0.006
4.835 s

0.040
0.001
0.019
0.008
0.005
0.005
0.007
0.003
0.003
0.004
0.003
0.004
0.003
0.049
0.008
0.007
0.010
0.007
0.006
0.005
0.006
0.006
0.009
0.009
0.002
0.002
0.001
0.002
0.001
0.001
0.001
0.001
0.001
0.001
0.001
0.001
0.005
0.001
0.001
0.002
0.002
0.002
0.002
0.010
0.001
0.004
0.003
0.002
0.003
0.001
0.001
0.002
0.001
0.002
0.001
0.001
0.002
0.001
0.002
0.001
0.001
0.002
0.001
0.008
0.005
0.004
0.004
0.005
0.004
0.003
0.003
0.065
0.120
0.119
0.001
0.001
0.001
0.049
0.015
0.010
0.014
0.023
0.004
0.002
0.003
0.003
0.002
0.003
0.002
0.002
0.003
0.002
0.002
0.002
0.003
0.004
0.003
0.004
0.004
0.004
0.004
0.012
0.003
0.002
0.002
0.003
0.011
0.003
0.003
0.003
0.003
0.003
0.003
0.003
0.003
0.010
0.011
0.004
0.005
0.004
0.013
0.011
0.004
0.002
0.002
0.002
0.003
0.004
5.003 s

0.026
0.001
0.028
0.006
0.004
0.004
0.017
0.003
0.004
0.004
0.004
0.004
0.002
0.067
0.008
0.008
0.006
0.009
0.005
0.005
0.008
0.006
0.006
0.005
0.005
0.002
0.001
0.001
0.001
0.001
0.002
0.001
0.001
0.002
0.001
0.001
0.001
0.001
0.001
0.012
0.002
0.002
0.002
0.001
0.003
0.002
0.002
0.002
0.002
0.003
0.001
0.002
0.005
0.001
0.001
0.004
0.002
0.002
0.001
0.001
0.002
0.002
0.001
0.002
0.001
0.001
0.008
0.003
0.003
0.003
0.004
0.003
0.004
0.003
0.066
0.116
0.116
0.001
0.001
0.001
0.001
0.001
0.001
0.001
0.048
0.015
0.009
0.009
0.025
0.003
0.002
0.003
0.003
0.002
0.003
0.002
0.001
0.002
0.002
0.003
0.002
0.002
0.003
0.002
0.006
0.005
0.005
0.005
0.018
0.005
0.002
0.003
0.002
0.011
0.003
0.002
0.003
0.003
0.003
0.004
0.003
0.003
0.012
0.024
0.003
0.004
0.004
0.015
0.014
0.005
0.003
0.003
0.003
0.003
0.005
4.83 s

0.043
0.002
0.030
0.004
0.004
0.004
0.006
0.003
0.003
0.004
0.004
0.004
0.005
0.054
0.008
0.006
0.006
0.005
0.006
0.019
0.005
0.005
0.034
0.012
0.002
0.002
0.001
0.001
0.002
0.003
0.002
0.001
0.001
0.002
0.001
0.001
0.002
0.002
0.005
0.002
0.002
0.002
0.002
0.002
0.005
0.003
0.002
0.002
0.001
0.002
0.001
0.002
0.001
0.002
0.001
0.002
0.001
0.002
0.002
0.003
0.005
0.002
0.001
0.002
0.001
0.011
0.011
0.006
0.009
0.004
0.004
0.003
0.003
0.079
0.114
0.120
0.001
0.001
0.001
0.001
0.052
0.012
0.011
0.009
0.023
0.004
0.003
0.003
0.004
0.005
0.003
0.003
0.003
0.003
0.003
0.002
0.002
0.003
0.002
0.003
0.005
0.003
0.004
0.003
0.014
0.003
0.002
0.003
0.005
0.013
0.003
0.004
0.003
0.003
0.003
0.004
0.003
0.004
0.010
0.011
0.004
0.004
0.004
0.011
0.013
0.005
0.002
0.001
0.002
0.002
0.005
5.016 s

0.031
0.002
0.019
0.029
0.004
0.004
0.009
0.003
0.004
0.004
0.004
0.004
0.003
0.070
0.008
0.007
0.028
0.007
0.005
0.008
0.005
0.008
0.005
0.004
0.003
0.002
0.001
0.001
0.002
0.001
0.001
0.001
0.001
0.001
0.005
0.002
0.002
0.002
0.001
0.003
0.002
0.003
0.002
0.001
0.001
0.002
0.001
0.002
0.003
0.002
0.001
0.002
0.001
0.002
0.001
0.002
0.001
0.001
0.002
0.001
0.004
0.008
0.003
0.008
0.004
0.004
0.003
0.003
0.003
0.067
0.116
0.117
0.001
0.001
0.001
0.001
0.047
0.014
0.012
0.009
0.026
0.003
0.003
0.002
0.003
0.002
0.002
0.003
0.002
0.003
0.004
0.002
0.003
0.005
0.004
0.006
0.006
0.004
0.004
0.004
0.013
0.003
0.003
0.002
0.003
0.011
0.003
0.002
0.003
0.002
0.002
0.004
0.003
0.003
0.010
0.012
0.004
0.004
0.004
0.016
0.019
0.004
0.002
0.002
0.002
0.003
0.004
4.975 s

0.018
0.001
0.025
0.006
0.004
0.004
0.008
0.003
0.003
0.004
0.004
0.004
0.003
0.050
0.008
0.011
0.014
0.005
0.004
0.008
0.005
0.006
0.010
0.019
0.002
0.002
0.001
0.001
0.001
0.001
0.002
0.001
0.001
0.001
0.001
0.001
0.001
0.001
0.001
0.008
0.002
0.002
0.002
0.002
0.002
0.002
0.002
0.002
0.003
0.001
0.001
0.002
0.001
0.001
0.001
0.001
0.002
0.001
0.002
0.001
0.002
0.002
0.001
0.001
0.001
0.001
0.009
0.005
0.003
0.003
0.004
0.003
0.003
0.003
0.075
0.114
0.125
0.001
0.001
0.001
0.001
0.001
0.001
0.083
0.013
0.009
0.009
0.023
0.003
0.002
0.002
0.002
0.002
0.003
0.003
0.002
0.002
0.002
0.002
0.002
0.002
0.002
0.003
0.005
0.003
0.004
0.004
0.015
0.003
0.002
0.004
0.004
0.011
0.003
0.003
0.002
0.003
0.002
0.004
0.003
0.002
0.011
0.011
0.004
0.004
0.004
0.013
0.015
0.005
0.002
0.002
0.002
0.003
0.004
4.852 s

0.055
0.001
0.015
0.026
0.003
0.003
0.007
0.003
0.004
0.006
0.004
0.004
0.005
0.065
0.010
0.011
0.006
0.009
0.005
0.005
0.005
0.006
0.008
0.006
0.005
0.002
0.001
0.001
0.001
0.001
0.002
0.001
0.001
0.004
0.002
0.001
0.003
0.005
0.001
0.002
0.002
0.002
0.002
0.003
0.003
0.002
0.004
0.003
0.002
0.001
0.004
0.002
0.001
0.002
0.001
0.001
0.001
0.001
0.002
0.001
0.001
0.001
0.002
0.001
0.012
0.004
0.004
0.004
0.004
0.003
0.006
0.003
0.061
0.116
0.118
0.001
0.001
0.001
0.001
0.001
0.044
0.011
0.010
0.009
0.022
0.003
0.006
0.004
0.003
0.004
0.003
0.003
0.002
0.002
0.003
0.002
0.003
0.002
0.002
0.003
0.004
0.004
0.003
0.004
0.011
0.002
0.002
0.003
0.002
0.012
0.003
0.002
0.003
0.004
0.004
0.004
0.004
0.003
0.014
0.018
0.004
0.006
0.004
0.018
0.013
0.004
0.003
0.002
0.002
0.003
0.005
4.958 s

0.039
0.002
0.048
0.004
0.004
0.004
0.007
0.003
0.003
0.005
0.004
0.004
0.004
0.073
0.009
0.007
0.008
0.015
0.006
0.008
0.006
0.019
0.010
0.005
0.002
0.002
0.001
0.001
0.001
0.001
0.002
0.001
0.001
0.001
0.001
0.001
0.001
0.004
0.003
0.002
0.002
0.003
0.008
0.002
0.003
0.001
0.004
0.002
0.001
0.001
0.001
0.001
0.001
0.001
0.001
0.001
0.001
0.001
0.002
0.002
0.001
0.001
0.001
0.001
0.009
0.004
0.004
0.003
0.004
0.003
0.003
0.003
0.067
0.117
0.116
0.001
0.001
0.001
0.001
0.001
0.001
0.001
0.045
0.015
0.008
0.009
0.023
0.004
0.003
0.004
0.004
0.007
0.002
0.002
0.003
0.003
0.003
0.003
0.002
0.003
0.002
0.002
0.004
0.003
0.003
0.003
0.013
0.002
0.002
0.003
0.002
0.010
0.004
0.002
0.004
0.004
0.003
0.004
0.006
0.003
0.013
0.015
0.004
0.003
0.003
0.012
0.012
0.004
0.002
0.002
0.003
0.003
0.005
4.921 s

0.028
0.001
0.021
0.010
0.004
0.003
0.005
0.003
0.003
0.003
0.004
0.004
0.003
0.050
0.008
0.021
0.007
0.005
0.005
0.009
0.005
0.006
0.006
0.005
0.002
0.002
0.001
0.001
0.001
0.002
0.001
0.003
0.001
0.002
0.002
0.001
0.005
0.002
0.002
0.002
0.003
0.002
0.002
0.004
0.007
0.002
0.002
0.001
0.001
0.001
0.002
0.003
0.001
0.002
0.001
0.001
0.002
0.002
0.002
0.001
0.002
0.001
0.002
0.007
0.004
0.004
0.003
0.004
0.003
0.003
0.003
0.063
0.120
0.123
0.001
0.001
0.001
0.001
0.001
0.001
0.001
0.048
0.011
0.010
0.008
0.029
0.003
0.002
0.003
0.003
0.003
0.003
0.003
0.002
0.002
0.003
0.002
0.002
0.003
0.002
0.002
0.005
0.004
0.004
0.005
0.013
0.006
0.010
0.008
0.003
0.012
0.004
0.004
0.003
0.005
0.003
0.004
0.003
0.003
0.010
0.014
0.004
0.004
0.006
0.014
0.013
0.005
0.002
0.002
0.002
0.002
0.004
4.844 s

0.026
0.002
0.019
0.005
0.041
0.004
0.009
0.006
0.004
0.004
0.004
0.004
0.008
0.052
0.021
0.007
0.007
0.007
0.023
0.007
0.005
0.011
0.006
0.005
0.003
0.002
0.001
0.001
0.001
0.001
0.002
0.001
0.001
0.001
0.001
0.003
0.001
0.001
0.007
0.002
0.002
0.002
0.002
0.002
0.005
0.002
0.002
0.001
0.002
0.001
0.001
0.001
0.002
0.001
0.002
0.002
0.001
0.001
0.002
0.002
0.002
0.002
0.001
0.001
0.002
0.009
0.004
0.003
0.003
0.004
0.003
0.003
0.003
0.065
0.147
0.126
0.001
0.001
0.001
0.001
0.001
0.001
0.049
0.013
0.009
0.009
0.033
0.003
0.003
0.008
0.003
0.003
0.003
0.003
0.002
0.002
0.004
0.005
0.003
0.003
0.003
0.003
0.006
0.005
0.004
0.004
0.021
0.005
0.003
0.005
0.003
0.012
0.003
0.002
0.002
0.003
0.003
0.005
0.003
0.004
0.015
0.015
0.004
0.004
0.004
0.012
0.012
0.004
0.003
0.002
0.003
0.003
0.005
5.062 s

0.053
0.002
0.022
0.005
0.004
0.004
0.005
0.004
0.003
0.004
0.004
0.005
0.003
0.072
0.012
0.007
0.006
0.009
0.005
0.005
0.005
0.006
0.007
0.006
0.002
0.002
0.001
0.001
0.001
0.001
0.002
0.001
0.001
0.001
0.001
0.001
0.001
0.001
0.001
0.004
0.002
0.002
0.002
0.001
0.003
0.002
0.002
0.001
0.004
0.001
0.001
0.001
0.001
0.002
0.004
0.003
0.001
0.003
0.001
0.002
0.002
0.001
0.002
0.003
0.002
0.001
0.008
0.004
0.003
0.003
0.003
0.002
0.002
0.002
0.072
0.125
0.114
0.001
0.001
0.001
0.001
0.001
0.001
0.050
0.012
0.009
0.010
0.022
0.003
0.003
0.003
0.003
0.003
0.002
0.004
0.003
0.002
0.004
0.003
0.002
0.002
0.002
0.002
0.004
0.004
0.003
0.003
0.011
0.003
0.002
0.002
0.004
0.011
0.003
0.002
0.004
0.003
0.003
0.004
0.004
0.003
0.013
0.011
0.004
0.003
0.002
0.012
0.012
0.005
0.003
0.002
0.003
0.003
0.005
4.917 s

0.037
0.003
0.024
0.005
0.004
0.003
0.008
0.003
0.003
0.004
0.004
0.004
0.003
0.059
0.007
0.007
0.020
0.005
0.004
0.005
0.006
0.006
0.005
0.005
0.002
0.002
0.001
0.001
0.001
0.001
0.002
0.001
0.001
0.001
0.001
0.001
0.001
0.001
0.001
0.005
0.002
0.002
0.004
0.001
0.008
0.002
0.002
0.002
0.001
0.002
0.002
0.003
0.001
0.001
0.002
0.001
0.001
0.001
0.001
0.001
0.001
0.002
0.001
0.002
0.001
0.002
0.009
0.003
0.004
0.004
0.004
0.003
0.004
0.007
0.063
0.118
0.139
0.001
0.001
0.001
0.001
0.001
0.001
0.001
0.045
0.013
0.009
0.010
0.024
0.003
0.004
0.003
0.003
0.005
0.004
0.003
0.005
0.003
0.003
0.003
0.002
0.003
0.002
0.002
0.005
0.004
0.004
0.004
0.013
0.003
0.003
0.002
0.003
0.010
0.003
0.003
0.002
0.003
0.004
0.006
0.032
0.003
0.012
0.025
0.005
0.004
0.003
0.017
0.014
0.004
0.002
0.002
0.003
0.002
0.005
4.849 s

0.020
0.002
0.030
0.010
0.007
0.004
0.048
0.003
0.004
0.004
0.004
0.005
0.004
0.059
0.010
0.007
0.006
0.006
0.006
0.005
0.006
0.006
0.005
0.026
0.002
0.001
0.001
0.001
0.001
0.001
0.002
0.001
0.001
0.001
0.001
0.001
0.001
0.001
0.001
0.005
0.002
0.002
0.002
0.002
0.002
0.003
0.002
0.001
0.001
0.002
0.001
0.002
0.001
0.001
0.002
0.001
0.001
0.001
0.001
0.001
0.002
0.001
0.001
0.001
0.001
0.002
0.010
0.004
0.004
0.004
0.004
0.003
0.003
0.005
0.062
0.121
0.121
0.001
0.001
0.001
0.001
0.001
0.044
0.012
0.011
0.008
0.030
0.003
0.003
0.002
0.003
0.004
0.002
0.003
0.002
0.002
0.003
0.003
0.002
0.002
0.002
0.002
0.005
0.003
0.004
0.003
0.013
0.002
0.003
0.002
0.004
0.014
0.003
0.003
0.003
0.003
0.003
0.003
0.004
0.003
0.011
0.012
0.004
0.004
0.005
0.014
0.013
0.004
0.003
0.002
0.002
0.002
0.004
4.902 s

0.033
0.002
0.057
0.011
0.007
0.004
0.009
0.004
0.004
0.004
0.005
0.005
0.007
0.056
0.009
0.006
0.006
0.006
0.014
0.006
0.005
0.006
0.004
0.009
0.003
0.002
0.001
0.001
0.002
0.001
0.001
0.001
0.001
0.001
0.002
0.005
0.001
0.002
0.005
0.002
0.008
0.002
0.001
0.004
0.002
0.001
0.001
0.003
0.002
0.001
0.001
0.001
0.002
0.001
0.001
0.001
0.002
0.002
0.001
0.002
0.001
0.001
0.011
0.004
0.005
0.003
0.004
0.007
0.004
0.006
0.076
0.125
0.135
0.002
0.002
0.001
0.002
0.002
0.002
0.001
0.047
0.012
0.010
0.013
0.026
0.003
0.003
0.003
0.002
0.003
0.002
0.002
0.003
0.002
0.002
0.002
0.002
0.002
0.002
0.002
0.005
0.006
0.003
0.004
0.013
0.002
0.003
0.003
0.003
0.012
0.003
0.003
0.003
0.003
0.003
0.003
0.003
0.002
0.016
0.013
0.004
0.004
0.006
0.015
0.015
0.005
0.002
0.004
0.003
0.004
0.005
5.737 s

0.035
0.002
0.034
0.006
0.005
0.005
0.006
0.011
0.004
0.015
0.005
0.004
0.003
0.084
0.010
0.008
0.007
0.007
0.006
0.006
0.007
0.007
0.006
0.007
0.021
0.002
0.001
0.004
0.001
0.001
0.003
0.001
0.001
0.001
0.003
0.001
0.001
0.001
0.002
0.006
0.002
0.003
0.002
0.001
0.007
0.003
0.001
0.007
0.002
0.002
0.001
0.002
0.002
0.001
0.002
0.003
0.002
0.002
0.002
0.001
0.002
0.001
0.001
0.001
0.002
0.001
0.030
0.007
0.022
0.003
0.005
0.004
0.007
0.003
0.067
0.013
0.011
0.011
0.025
0.005
0.003
0.003
0.003
0.003
0.003
0.002
0.003
0.002
0.003
0.005
0.003
0.002
0.002
0.002
0.006
0.011
0.005
0.005
0.023
0.002
0.003
0.009
0.003
0.012
0.003
0.003
0.013
0.004
0.002
0.003
0.004
0.006
0.011
0.018
0.005
0.006
0.008
0.021
0.014
0.072
0.144
0.118
0.001
0.001
0.001
0.001
0.005
0.004
0.002
0.003
0.003
0.005
6.651 s

0.019
0.003
0.034
0.004
0.005
0.005
0.032
0.004
0.005
0.006
0.004
0.005
0.003
0.064
0.009
0.008
0.006
0.006
0.019
0.011
0.008
0.027
0.005
0.005
0.002
0.001
0.001
0.001
0.001
0.002
0.001
0.001
0.001
0.001
0.001
0.001
0.005
0.002
0.002
0.002
0.001
0.003
0.001
0.003
0.003
0.002
0.001
0.002
0.002
0.001
0.003
0.002
0.001
0.002
0.001
0.002
0.001
0.002
0.001
0.002
0.002
0.001
0.004
0.007
0.005
0.004
0.004
0.003
0.002
0.002
0.002
0.065
0.129
0.114
0.001
0.001
0.002
0.001
0.001
0.048
0.014
0.013
0.009
0.024
0.003
0.003
0.002
0.002
0.003
0.003
0.003
0.002
0.002
0.003
0.002
0.003
0.002
0.004
0.002
0.006
0.005
0.004
0.004
0.013
0.003
0.002
0.003
0.002
0.011
0.002
0.003
0.003
0.003
0.002
0.004
0.003
0.003
0.010
0.015
0.003
0.005
0.004
0.014
0.012
0.005
0.003
0.002
0.002
0.003
0.005
5.628 s

0.017
0.002
0.028
0.005
0.008
0.004
0.007
0.003
0.004
0.004
0.004
0.006
0.003
0.053
0.008
0.007
0.006
0.006
0.012
0.034
0.006
0.008
0.007
0.005
0.002
0.002
0.001
0.001
0.001
0.001
0.002
0.001
0.001
0.001
0.001
0.001
0.001
0.001
0.001
0.007
0.001
0.001
0.001
0.002
0.006
0.006
0.001
0.002
0.002
0.003
0.006
0.001
0.002
0.001
0.001
0.001
0.001
0.001
0.002
0.001
0.002
0.001
0.002
0.001
0.001
0.001
0.015
0.005
0.004
0.004
0.004
0.004
0.004
0.003
0.068
0.117
0.130
0.001
0.001
0.001
0.001
0.001
0.001
0.001
0.103
0.015
0.014
0.013
0.025
0.003
0.003
0.002
0.003
0.003
0.002
0.002
0.002
0.004
0.002
0.002
0.002
0.002
0.002
0.002
0.006
0.003
0.004
0.004
0.015
0.003
0.003
0.003
0.003
0.010
0.002
0.003
0.002
0.003
0.003
0.003
0.004
0.004
0.011
0.010
0.004
0.003
0.005
0.014
0.015
0.004
0.003
0.002
0.002
0.002
0.005
5.065 s

0.056
0.002
0.021
0.006
0.004
0.004
0.007
0.004
0.003
0.004
0.003
0.004
0.003
0.059
0.009
0.012
0.010
0.007
0.006
0.004
0.006
0.006
0.005
0.007
0.002
0.001
0.001
0.001
0.001
0.001
0.003
0.001
0.002
0.001
0.001
0.001
0.001
0.001
0.004
0.002
0.002
0.008
0.002
0.005
0.002
0.005
0.002
0.001
0.002
0.002
0.001
0.002
0.001
0.001
0.001
0.001
0.001
0.001
0.004
0.002
0.002
0.003
0.001
0.002
0.001
0.009
0.003
0.003
0.004
0.003
0.003
0.003
0.002
0.064
0.124
0.116
0.001
0.001
0.001
0.001
0.001
0.001
0.001
0.052
0.016
0.011
0.012
0.024
0.003
0.003
0.002
0.002
0.003
0.004
0.003
0.003
0.003
0.003
0.004
0.002
0.003
0.002
0.003
0.007
0.004
0.004
0.003
0.012
0.003
0.002
0.002
0.003
0.013
0.003
0.002
0.002
0.003
0.002
0.003
0.004
0.003
0.012
0.014
0.006
0.004
0.004
0.014
0.017
0.005
0.002
0.004
0.002
0.003
0.005
5.02 s

0.040
0.002
0.033
0.004
0.004
0.004
0.009
0.003
0.004
0.005
0.004
0.003
0.003
0.053
0.009
0.008
0.013
0.006
0.005
0.005
0.005
0.021
0.009
0.008
0.002
0.002
0.001
0.001
0.001
0.001
0.002
0.001
0.001
0.001
0.001
0.001
0.002
0.001
0.004
0.004
0.002
0.010
0.022
0.003
0.003
0.004
0.001
0.001
0.002
0.002
0.001
0.002
0.001
0.001
0.002
0.001
0.001
0.002
0.001
0.002
0.001
0.001
0.001
0.001
0.002
0.008
0.004
0.003
0.005
0.004
0.008
0.012
0.003
0.103
0.124
0.116
0.001
0.001
0.001
0.001
0.003
0.001
0.051
0.012
0.009
0.008
0.029
0.003
0.003
0.004
0.002
0.003
0.003
0.003
0.002
0.002
0.002
0.002
0.003
0.003
0.002
0.002
0.005
0.005
0.003
0.004
0.013
0.003
0.002
0.002
0.005
0.014
0.004
0.002
0.003
0.002
0.003
0.004
0.003
0.002
0.011
0.010
0.003
0.003
0.004
0.012
0.014
0.005
0.003
0.002
0.003
0.003
0.004
4.992 s

0.047
0.001
0.029
0.005
0.004
0.004
0.006
0.003
0.004
0.005
0.004
0.004
0.003
0.060
0.010
0.007
0.007
0.009
0.005
0.005
0.005
0.006
0.005
0.005
0.003
0.002
0.001
0.001
0.001
0.001
0.002
0.001
0.001
0.001
0.001
0.001
0.001
0.007
0.002
0.002
0.002
0.001
0.002
0.001
0.005
0.002
0.001
0.003
0.001
0.003
0.002
0.001
0.001
0.002
0.001
0.002
0.001
0.001
0.002
0.001
0.002
0.002
0.002
0.001
0.012
0.004
0.005
0.004
0.004
0.003
0.003
0.003
0.069
0.120
0.116
0.001
0.001
0.001
0.001
0.001
0.001
0.050
0.013
0.008
0.011
0.029
0.003
0.003
0.003
0.003
0.002
0.003
0.003
0.002
0.002
0.003
0.002
0.002
0.003
0.002
0.002
0.006
0.003
0.003
0.004
0.012
0.002
0.002
0.004
0.003
0.012
0.003
0.005
0.004
0.002
0.003
0.004
0.003
0.003
0.011
0.011
0.003
0.003
0.004
0.012
0.012
0.005
0.002
0.002
0.003
0.010
0.006
5.032 s

0.025
0.002
0.018
0.021
0.006
0.005
0.007
0.003
0.004
0.004
0.005
0.006
0.004
0.066
0.016
0.023
0.010
0.006
0.007
0.005
0.006
0.010
0.005
0.019
0.005
0.002
0.001
0.001
0.001
0.001
0.002
0.001
0.001
0.001
0.001
0.001
0.001
0.001
0.001
0.010
0.003
0.006
0.002
0.003
0.008
0.002
0.003
0.007
0.002
0.005
0.002
0.002
0.002
0.004
0.002
0.001
0.002
0.002
0.001
0.003
0.002
0.003
0.002
0.002
0.006
0.003
0.010
0.007
0.007
0.005
0.006
0.007
0.005
0.005
0.072
0.153
0.115
0.001
0.001
0.001
0.001
0.001
0.001
0.001
0.045
0.013
0.010
0.009
0.031
0.003
0.004
0.003
0.003
0.004
0.004
0.002
0.002
0.002
0.003
0.002
0.002
0.002
0.003
0.002
0.005
0.004
0.004
0.004
0.012
0.003
0.002
0.005
0.004
0.015
0.004
0.004
0.007
0.003
0.008
0.006
0.004
0.004
0.015
0.021
0.005
0.004
0.005
0.028
0.018
0.005
0.003
0.002
0.003
0.003
0.005
5.328 s

0.051
0.002
0.025
0.007
0.004
0.003
0.008
0.003
0.003
0.004
0.004
0.003
0.002
0.047
0.009
0.006
0.006
0.007
0.012
0.006
0.005
0.009
0.006
0.005
0.006
0.002
0.001
0.002
0.001
0.003
0.001
0.001
0.001
0.001
0.001
0.001
0.001
0.002
0.006
0.002
0.002
0.002
0.002
0.007
0.002
0.002
0.002
0.002
0.002
0.003
0.001
0.002
0.001
0.002
0.001
0.001
0.002
0.001
0.001
0.002
0.001
0.001
0.001
0.002
0.001
0.008
0.004
0.004
0.005
0.004
0.004
0.004
0.005
0.069
0.120
0.125
0.001
0.001
0.001
0.001
0.001
0.001
0.001
0.053
0.023
0.012
0.013
0.027
0.003
0.005
0.003
0.004
0.003
0.003
0.003
0.004
0.002
0.003
0.003
0.003
0.003
0.004
0.005
0.008
0.006
0.006
0.004
0.017
0.002
0.003
0.002
0.003
0.011
0.003
0.004
0.005
0.006
0.006
0.008
0.007
0.006
0.020
0.021
0.006
0.005
0.006
0.022
0.016
0.004
0.002
0.002
0.003
0.002
0.005
5.172 s

0.022
0.002
0.044
0.004
0.004
0.004
0.570
0.003
0.004
0.004
0.005
0.009
0.003
0.078
0.010
0.008
0.011
0.009
0.009
0.005
0.006
0.024
0.015
0.007
0.007
0.002
0.002
0.002
0.008
0.002
0.006
0.001
0.002
0.002
0.001
0.002
0.002
0.001
0.001
0.001
0.001
0.002
0.001
0.001
0.001
0.002
0.001
0.001
0.001
0.001
0.002
0.003
0.002
0.001
0.001
0.001
0.002
0.001
0.001
0.001
0.001
0.001
0.002
0.001
0.001
0.008
0.004
0.005
0.004
0.008
0.005
0.005
0.004
0.047
0.012
0.013
0.009
0.025
0.003
0.003
0.002
0.003
0.002
0.003
0.003
0.002
0.002
0.002
0.002
0.002
0.002
0.002
0.003
0.004
0.005
0.007
0.003
0.016
0.002
0.003
0.004
0.003
0.011
0.003
0.003
0.003
0.002
0.003
0.004
0.003
0.003
0.011
0.011
0.004
0.003
0.004
0.016
0.022
0.063
0.122
0.122
0.001
0.001
0.001
0.003
0.001
0.001
0.001
0.004
0.002
0.002
0.003
0.002
0.004
5.127 s

0.018
0.001
0.024
0.005
0.004
0.003
0.006
0.003
0.004
0.004
0.003
0.004
0.003
0.054
0.013
0.011
0.011
0.007
0.007
0.008
0.008
0.008
0.006
0.005
0.002
0.001
0.002
0.002
0.001
0.001
0.001
0.001
0.001
0.001
0.001
0.001
0.005
0.002
0.002
0.002
0.002
0.002
0.004
0.002
0.001
0.001
0.002
0.002
0.002
0.002
0.001
0.002
0.001
0.001
0.002
0.002
0.002
0.002
0.004
0.001
0.002
0.001
0.001
0.017
0.006
0.004
0.005
0.007
0.003
0.004
0.003
0.066
0.128
0.120
0.002
0.001
0.001
0.001
0.001
0.001
0.046
0.014
0.010
0.011
0.026
0.002
0.005
0.002
0.003
0.003
0.003
0.002
0.002
0.003
0.002
0.003
0.002
0.002
0.002
0.003
0.005
0.005
0.004
0.004
0.016
0.004
0.002
0.003
0.003
0.031
0.003
0.002
0.007
0.005
0.002
0.003
0.004
0.004
0.022
0.014
0.004
0.004
0.003
0.012
0.011
0.005
0.002
0.004
0.003
0.003
0.008
5.152 s

0.022
0.002
0.017
0.025
0.004
0.006
0.007
0.003
0.004
0.004
0.003
0.004
0.003
0.056
0.009
0.006
0.006
0.015
0.006
0.006
0.006
0.009
0.014
0.007
0.002
0.002
0.001
0.001
0.001
0.002
0.001
0.001
0.001
0.001
0.001
0.001
0.001
0.017
0.002
0.002
0.002
0.008
00024
0.003
0.003
0.003
0.001
0.002
0.004
0.002
0.001
0.002
0.001
0.002
0.001
0.002
0.002
0.001
0.002
0.001
0.002
0.001
0.002
0.001
0.008
0.004
0.004
0.003
0.004
0.003
0.003
0.003
0.067
0.120
0.119
0.001
0.001
0.003
0.001
0.002
0.001
0.046
0.014
0.009
0.053
0.035
0.003
0.005
0.003
0.003
0.004
0.003
0.003
0.002
0.003
0.003
0.004
0.002
0.002
0.003
0.002
0.005
0.003
0.003
0.004
0.013
0.002
0.003
0.002
0.003
0.011
0.002
0.003
0.002
0.003
0.004
0.004
0.005
0.004
0.011
0.012
0.004
0.003
0.004
0.012
0.013
0.005
0.002
0.002
0.002
0.003
0.004
4.997 s

0.033
0.003
0.017
0.016
0.006
0.003
0.006
0.004
0.003
0.003
0.005
0.004
0.003
0.068
0.008
0.007
0.019
0.008
0.006
0.008
0.010
0.008
0.007
0.005
0.003
0.002
0.001
0.001
0.001
0.001
0.002
0.001
0.001
0.001
0.001
0.001
0.001
0.009
0.004
0.004
0.004
0.004
0.004
0.003
0.004
0.006
0.002
0.002
0.003
0.002
0.007
0.002
0.002
0.005
0.001
0.001
0.010
0.003
0.002
0.001
0.003
0.002
0.004
0.001
0.001
0.001
0.002
0.001
0.002
0.001
0.001
0.002
0.060
0.117
0.120
0.001
0.001
0.002
0.001
0.001
0.001
0.001
0.055
0.013
0.012
0.014
0.021
0.003
0.003
0.005
0.005
0.003
0.004
0.005
0.003
0.002
0.003
0.002
0.002
0.002
0.002
0.003
0.006
0.005
0.003
0.003
0.013
0.003
0.004
0.003
0.003
0.011
0.004
0.002
0.006
0.004
0.003
0.004
0.005
0.003
0.012
0.011
0.004
0.003
0.003
0.012
0.012
0.004
0.002
0.002
0.003
0.002
0.004
s

