Dom Creation 
0.025
0.020
0.021
0.021
0.021
0.020
0.020
0.021
0.020
0.021
0.022
0.019
0.026
0.022
0.020
0.021
0.025
0.023
0.024
0.024
0.024
0.026
0.021
0.020
0.026
0.022
0.025
0.023
0.024
0.024
0.021
0.024
0.024
0.027
0.021
0.026
0.020
0.021
0.025
0.020
0.021
0.022
0.023
0.021
0.021
0.020
0.025
0.026
0.027
0.023
+++ 
Dom Deletion 
0.017
0.017
0.016
0.015
0.015
0.016
0.020
0.021
0.015
0.018
0.018
0.015
0.015
0.016
0.015
0.015
0.016
0.015
0.018
0.019
0.015
0.015
0.014
0.015
0.018
0.015
0.015
0.015
0.015
0.015
0.016
0.015
0.015
0.015
0.015
0.015
0.015
0.015
0.015
0.016
0.015
0.016
0.015
0.015
0.015
0.016
0.015
0.016
0.016
0.015
+++  
Dom Interaction 
0.193
0.192
0.191
0.194
0.191
0.191
0.204
0.195
0.192
0.192
0.192
0.206
0.194
0.194
0.195
0.193
0.191
0.224
0.195
0.190
0.199
0.194
0.190
0.195
0.194
0.192
0.237
0.193
0.215
0.192
0.206
0.195
0.192
0.193
0.194
0.193
0.191
0.193
0.193
0.229
0.193
0.196
0.207
0.192
0.238
0.208
0.245
0.223
0.195
0.273
+++  
Dom 
0.018
0.018
0.024
0.017
0.017
0.018
0.018
0.019
0.045
0.021
0.018
0.019
0.019
0.019
0.020
0.019
0.019
0.020
0.020
0.019
0.018
0.021
0.021
0.016
0.017
0.024
0.019
0.019
0.022
0.017
0.018
0.018
0.017
0.016
0.016
0.018
0.018
0.021
0.020
0.016
0.019
0.017
0.017
0.020
0.018
0.019
0.018
0.017
0.017
0.021
+++  
Mocks 
0.105
0.098
0.095
0.158
0.094
0.091
0.092
0.105
0.131
0.090
0.097
0.096
0.088
0.093
0.114
0.110
0.092
0.094
0.123
0.114
0.114
0.101
0.101
0.101
0.101
0.125
0.094
0.098
0.094
0.099
0.094
0.096
0.092
0.089
0.097
0.092
0.095
0.094
0.098
0.095
0.095
0.098
0.100
0.093
0.094
0.097
0.100
0.098
0.096
0.094
+++ 
REST 
0.092
0.104
0.064
0.064
0.063
0.068
0.066
0.070
0.071
0.069
0.069
0.069
0.069
0.074
0.102
0.066
0.063
0.067
0.067
0.073
0.064
0.066
0.066
0.066
0.071
0.066
0.064
0.066
0.067
0.068
0.066
0.077
0.065
0.066
0.073
0.066
0.061
0.065
0.066
0.066
0.067
0.064
0.066
0.067
0.067
0.069
0.067
0.065
0.065
0.066
+++ 
Spies 
0.023
0.018
0.015
0.018
0.014
0.015
0.014
0.016
0.017
0.015
0.014
0.016
0.017
0.018
0.022
0.015
0.017
0.015
0.017
0.015
0.020
0.017
0.016
0.017
0.019
0.016
0.014
0.019
0.015
0.028
0.017
0.017
0.020
0.017
0.015
0.016
0.014
0.015
0.028
0.019
0.017
0.016
0.014
0.017
0.016
0.016
0.016
0.015
0.017
0.015
+++ 
Unit 
0.367
0.300
0.300
0.307
0.357
0.366
0.328
0.302
0.315
0.303
0.310
0.293
0.301
0.292
0.298
0.303
0.293
0.300
0.303
0.329
0.304
0.303
0.318
0.308
0.351
0.304
0.303
0.294
0.293
0.297
0.297
0.301
0.295
0.300
0.304
0.296
0.296
0.297
0.294
0.293
0.299
0.313
0.291
0.292
0.294
0.297
0.292
0.295
0.308
0.303